1.500000e+00    7.412280e-03
1.500500e+00    7.547531e-03
1.501000e+00    7.675210e-03
1.501500e+00    7.754458e-03
1.502000e+00    7.771144e-03
1.502500e+00    7.745766e-03
1.503000e+00    7.722304e-03
1.503500e+00    7.744089e-03
1.504000e+00    7.829925e-03
1.504500e+00    7.963626e-03
1.505000e+00    8.102785e-03
1.505500e+00    8.202029e-03
1.506000e+00    8.238010e-03
1.506500e+00    8.222365e-03
1.507000e+00    8.195453e-03
1.507500e+00    8.204244e-03
1.508000e+00    8.276468e-03
1.508500e+00    8.405251e-03
1.509000e+00    8.552760e-03
1.509500e+00    8.670916e-03
1.510000e+00    8.727841e-03
1.510500e+00    8.725498e-03
1.511000e+00    8.698752e-03
1.511500e+00    8.696303e-03
1.512000e+00    8.753909e-03
1.512500e+00    8.874634e-03
1.513000e+00    9.027011e-03
1.513500e+00    9.162238e-03
1.514000e+00    9.240992e-03
1.514500e+00    9.255135e-03
1.515000e+00    9.232332e-03
1.515500e+00    9.220962e-03
1.516000e+00    9.263548e-03
1.516500e+00    9.373297e-03
1.517000e+00    9.526695e-03
1.517500e+00    9.676303e-03
1.518000e+00    9.776791e-03
1.518500e+00    9.809919e-03
1.519000e+00    9.794705e-03
1.519500e+00    9.777098e-03
1.520000e+00    9.804780e-03
1.520500e+00    9.900886e-03
1.521000e+00    1.005116e-02
1.521500e+00    1.021161e-02
1.522000e+00    1.033268e-02
1.522500e+00    1.038645e-02
1.523000e+00    1.038216e-02
1.523500e+00    1.036126e-02
1.524000e+00    1.037472e-02
1.524500e+00    1.045495e-02
1.525000e+00    1.059788e-02
1.525500e+00    1.076505e-02
1.526000e+00    1.090460e-02
1.526500e+00    1.097986e-02
1.527000e+00    1.098954e-02
1.527500e+00    1.096864e-02
1.528000e+00    1.096932e-02
1.528500e+00    1.103220e-02
1.529000e+00    1.116395e-02
1.529500e+00    1.133347e-02
1.530000e+00    1.148883e-02
1.530500e+00    1.158583e-02
1.531000e+00    1.161236e-02
1.531500e+00    1.159523e-02
1.532000e+00    1.158557e-02
1.532500e+00    1.163076e-02
1.533000e+00    1.174829e-02
1.533500e+00    1.191603e-02
1.534000e+00    1.208422e-02
1.534500e+00    1.220279e-02
1.535000e+00    1.224896e-02
1.535500e+00    1.223988e-02
1.536000e+00    1.222341e-02
1.536500e+00    1.225185e-02
1.537000e+00    1.235316e-02
1.537500e+00    1.251546e-02
1.538000e+00    1.269339e-02
1.538500e+00    1.283296e-02
1.539000e+00    1.290130e-02
1.539500e+00    1.290484e-02
1.540000e+00    1.288595e-02
1.540500e+00    1.289977e-02
1.541000e+00    1.298390e-02
1.541500e+00    1.313756e-02
1.542000e+00    1.332192e-02
1.542500e+00    1.348126e-02
1.543000e+00    1.357369e-02
1.543500e+00    1.359423e-02
1.544000e+00    1.357774e-02
1.544500e+00    1.357992e-02
1.545000e+00    1.364667e-02
1.545500e+00    1.378881e-02
1.546000e+00    1.397589e-02
1.546500e+00    1.415286e-02
1.547000e+00    1.427027e-02
1.547500e+00    1.431152e-02
1.548000e+00    1.430222e-02
1.548500e+00    1.429620e-02
1.549000e+00    1.434600e-02
1.549500e+00    1.447394e-02
1.550000e+00    1.465965e-02
1.550500e+00    1.485111e-02
1.551000e+00    1.499319e-02
1.551500e+00    1.505801e-02
1.552000e+00    1.506042e-02
1.552500e+00    1.505003e-02
1.553000e+00    1.508400e-02
1.553500e+00    1.519560e-02
1.554000e+00    1.537577e-02
1.554500e+00    1.557792e-02
1.555000e+00    1.574342e-02
1.555500e+00    1.583392e-02
1.556000e+00    1.585250e-02
1.556500e+00    1.584223e-02
1.557000e+00    1.586258e-02
1.557500e+00    1.595677e-02
1.558000e+00    1.612784e-02
1.558500e+00    1.633686e-02
1.559000e+00    1.652414e-02
1.559500e+00    1.664210e-02
1.560000e+00    1.668153e-02
1.560500e+00    1.667685e-02
1.561000e+00    1.668735e-02
1.561500e+00    1.676467e-02
1.562000e+00    1.692431e-02
1.562500e+00    1.713692e-02
1.563000e+00    1.734432e-02
1.563500e+00    1.749143e-02
1.564000e+00    1.755665e-02
1.564500e+00    1.756397e-02
1.565000e+00    1.756991e-02
1.565500e+00    1.763260e-02
1.566000e+00    1.777974e-02
1.566500e+00    1.799321e-02
1.567000e+00    1.821890e-02
1.567500e+00    1.839631e-02
1.568000e+00    1.849196e-02
1.568500e+00    1.851790e-02
1.569000e+00    1.852536e-02
1.569500e+00    1.857664e-02
1.570000e+00    1.871090e-02
1.570500e+00    1.892243e-02
1.571000e+00    1.916364e-02
1.571500e+00    1.937105e-02
1.572000e+00    1.950027e-02
1.572500e+00    1.955047e-02
1.573000e+00    1.956511e-02
1.573500e+00    1.960814e-02
1.574000e+00    1.972888e-02
1.574500e+00    1.993473e-02
1.575000e+00    2.018693e-02
1.575500e+00    2.042167e-02
1.576000e+00    2.058513e-02
1.576500e+00    2.066318e-02
1.577000e+00    2.068934e-02
1.577500e+00    2.072648e-02
1.578000e+00    2.083234e-02
1.578500e+00    2.102762e-02
1.579000e+00    2.128440e-02
1.579500e+00    2.154130e-02
1.580000e+00    2.173709e-02
1.580500e+00    2.184445e-02
1.581000e+00    2.188514e-02
1.581500e+00    2.191823e-02
1.582000e+00    2.200770e-02
1.582500e+00    2.218718e-02
1.583000e+00    2.244124e-02
1.583500e+00    2.271368e-02
1.584000e+00    2.293828e-02
1.584500e+00    2.307523e-02
1.585000e+00    2.313318e-02
1.585500e+00    2.316470e-02
1.586000e+00    2.323750e-02
1.586500e+00    2.339716e-02
1.587000e+00    2.364193e-02
1.587500e+00    2.392345e-02
1.588000e+00    2.417318e-02
1.588500e+00    2.434008e-02
1.589000e+00    2.441884e-02
1.589500e+00    2.445300e-02
1.590000e+00    2.451119e-02
1.590500e+00    2.464945e-02
1.591000e+00    2.488028e-02
1.591500e+00    2.516553e-02
1.592000e+00    2.543723e-02
1.592500e+00    2.563489e-02
1.593000e+00    2.573890e-02
1.593500e+00    2.578152e-02
1.594000e+00    2.582934e-02
1.594500e+00    2.594680e-02
1.595000e+00    2.616061e-02
1.595500e+00    2.644488e-02
1.596000e+00    2.673515e-02
1.596500e+00    2.696369e-02
1.597000e+00    2.709687e-02
1.597500e+00    2.715379e-02
1.598000e+00    2.719603e-02
1.598500e+00    2.729390e-02
1.599000e+00    2.748770e-02
1.599500e+00    2.776537e-02
1.600000e+00    2.806884e-02
1.600500e+00    2.832583e-02
1.601000e+00    2.848954e-02
1.601500e+00    2.856460e-02
1.602000e+00    2.860468e-02
1.602500e+00    2.868313e-02
1.603000e+00    2.885263e-02
1.603500e+00    2.911599e-02
1.604000e+00    2.942434e-02
1.604500e+00    2.970377e-02
1.605000e+00    2.989590e-02
1.605500e+00    2.999011e-02
1.606000e+00    3.002953e-02
1.606500e+00    3.008757e-02
1.607000e+00    3.022747e-02
1.607500e+00    3.046743e-02
1.608000e+00    3.077029e-02
1.608500e+00    3.106371e-02
1.609000e+00    3.127984e-02
1.609500e+00    3.139271e-02
1.610000e+00    3.143273e-02
1.610500e+00    3.147015e-02
1.611000e+00    3.157656e-02
1.611500e+00    3.178539e-02
1.612000e+00    3.207331e-02
1.612500e+00    3.237281e-02
1.613000e+00    3.260918e-02
1.613500e+00    3.274170e-02
1.614000e+00    3.278621e-02
1.614500e+00    3.280675e-02
1.615000e+00    3.288044e-02
1.615500e+00    3.305515e-02
1.616000e+00    3.332297e-02
1.616500e+00    3.362435e-02
1.617000e+00    3.388072e-02
1.617500e+00    3.403777e-02
1.618000e+00    3.409554e-02
1.618500e+00    3.410877e-02
1.619000e+00    3.415702e-02
1.619500e+00    3.430105e-02
1.620000e+00    3.454931e-02
1.620500e+00    3.485307e-02
1.621000e+00    3.513311e-02
1.621500e+00    3.532331e-02
1.622000e+00    3.540723e-02
1.622500e+00    3.542750e-02
1.623000e+00    3.546269e-02
1.623500e+00    3.558428e-02
1.624000e+00    3.581727e-02
1.624500e+00    3.612626e-02
1.625000e+00    3.643473e-02
1.625500e+00    3.666707e-02
1.626000e+00    3.679032e-02
1.626500e+00    3.683260e-02
1.627000e+00    3.686798e-02
1.627500e+00    3.697590e-02
1.628000e+00    3.719748e-02
1.628500e+00    3.751265e-02
1.629000e+00    3.785095e-02
1.629500e+00    3.813016e-02
1.630000e+00    3.830152e-02
1.630500e+00    3.837681e-02
1.631000e+00    3.842216e-02
1.631500e+00    3.852187e-02
1.632000e+00    3.873199e-02
1.632500e+00    3.904929e-02
1.633000e+00    3.941274e-02
1.633500e+00    3.973678e-02
1.634000e+00    3.995839e-02
1.634500e+00    4.007185e-02
1.635000e+00    4.013222e-02
1.635500e+00    4.022521e-02
1.636000e+00    4.042007e-02
1.636500e+00    4.073134e-02
1.637000e+00    4.111047e-02
1.637500e+00    4.147228e-02
1.638000e+00    4.174170e-02
1.638500e+00    4.189515e-02
1.639000e+00    4.197383e-02
1.639500e+00    4.206132e-02
1.640000e+00    4.223772e-02
1.640500e+00    4.253548e-02
1.641000e+00    4.292132e-02
1.641500e+00    4.331422e-02
1.642000e+00    4.362990e-02
1.642500e+00    4.382730e-02
1.643000e+00    4.393148e-02
1.643500e+00    4.402023e-02
1.644000e+00    4.418149e-02
1.644500e+00    4.446506e-02
1.645000e+00    4.485498e-02
1.645500e+00    4.527815e-02
1.646000e+00    4.564436e-02
1.646500e+00    4.589609e-02
1.647000e+00    4.604046e-02
1.647500e+00    4.614580e-02
1.648000e+00    4.630435e-02
1.648500e+00    4.658171e-02
1.649000e+00    4.698061e-02
1.649500e+00    4.743919e-02
1.650000e+00    4.786490e-02
1.650500e+00    4.818541e-02
1.651000e+00    4.838868e-02
1.651500e+00    4.853002e-02
1.652000e+00    4.870196e-02
1.652500e+00    4.898352e-02
1.653000e+00    4.939660e-02
1.653500e+00    4.989359e-02
1.654000e+00    5.038328e-02
1.654500e+00    5.078088e-02
1.655000e+00    5.105471e-02
1.655500e+00    5.124391e-02
1.656000e+00    5.143716e-02
1.656500e+00    5.172387e-02
1.657000e+00    5.214484e-02
1.657500e+00    5.266930e-02
1.658000e+00    5.321134e-02
1.658500e+00    5.367677e-02
1.659000e+00    5.401479e-02
1.659500e+00    5.424601e-02
1.660000e+00    5.445120e-02
1.660500e+00    5.472683e-02
1.661000e+00    5.513171e-02
1.661500e+00    5.565408e-02
1.662000e+00    5.621744e-02
1.662500e+00    5.672210e-02
1.663000e+00    5.709970e-02
1.663500e+00    5.735083e-02
1.664000e+00    5.754476e-02
1.664500e+00    5.778136e-02
1.665000e+00    5.813596e-02
1.665500e+00    5.861744e-02
1.666000e+00    5.916274e-02
1.666500e+00    5.967104e-02
1.667000e+00    6.005896e-02
1.667500e+00    6.030642e-02
1.668000e+00    6.046797e-02
1.668500e+00    6.064294e-02
1.669000e+00    6.092088e-02
1.669500e+00    6.133204e-02
1.670000e+00    6.183035e-02
1.670500e+00    6.231839e-02
1.671000e+00    6.270083e-02
1.671500e+00    6.293705e-02
1.672000e+00    6.306389e-02
1.672500e+00    6.317586e-02
1.673000e+00    6.337345e-02
1.673500e+00    6.370790e-02
1.674000e+00    6.415279e-02
1.674500e+00    6.461840e-02
1.675000e+00    6.500094e-02
1.675500e+00    6.523990e-02
1.676000e+00    6.535183e-02
1.676500e+00    6.542185e-02
1.677000e+00    6.555723e-02
1.677500e+00    6.582860e-02
1.678000e+00    6.623095e-02
1.678500e+00    6.668617e-02
1.679000e+00    6.708580e-02
1.679500e+00    6.735088e-02
1.680000e+00    6.747570e-02
1.680500e+00    6.753147e-02
1.681000e+00    6.762758e-02
1.681500e+00    6.785155e-02
1.682000e+00    6.822065e-02
1.682500e+00    6.867202e-02
1.683000e+00    6.909685e-02
1.683500e+00    6.940007e-02
1.684000e+00    6.955277e-02
1.684500e+00    6.960841e-02
1.685000e+00    6.967373e-02
1.685500e+00    6.985000e-02
1.686000e+00    7.017703e-02
1.686500e+00    7.061071e-02
1.687000e+00    7.104665e-02
1.687500e+00    7.137720e-02
1.688000e+00    7.155061e-02
1.688500e+00    7.159967e-02
1.689000e+00    7.162387e-02
1.689500e+00    7.173477e-02
1.690000e+00    7.199434e-02
1.690500e+00    7.238029e-02
1.691000e+00    7.279777e-02
1.691500e+00    7.313105e-02
1.692000e+00    7.330710e-02
1.692500e+00    7.333601e-02
1.693000e+00    7.330580e-02
1.693500e+00    7.333428e-02
1.694000e+00    7.350426e-02
1.694500e+00    7.381768e-02
1.695000e+00    7.419413e-02
1.695500e+00    7.451481e-02
1.696000e+00    7.468792e-02
1.696500e+00    7.469963e-02
1.697000e+00    7.462235e-02
1.697500e+00    7.457555e-02
1.698000e+00    7.466045e-02
1.698500e+00    7.490442e-02
1.699000e+00    7.524585e-02
1.699500e+00    7.556799e-02
1.700000e+00    7.576346e-02
1.700500e+00    7.579403e-02
1.701000e+00    7.571261e-02
1.701500e+00    7.563515e-02
1.702000e+00    7.567769e-02
1.702500e+00    7.589296e-02
1.703000e+00    7.624156e-02
1.703500e+00    7.661383e-02
1.704000e+00    7.689054e-02
1.704500e+00    7.700928e-02
1.705000e+00    7.699992e-02
1.705500e+00    7.696933e-02
1.706000e+00    7.704361e-02
1.706500e+00    7.729930e-02
1.707000e+00    7.772154e-02
1.707500e+00    7.821232e-02
1.708000e+00    7.864460e-02
1.708500e+00    7.893275e-02
1.709000e+00    7.908045e-02
1.709500e+00    7.917969e-02
1.710000e+00    7.936086e-02
1.710500e+00    7.972138e-02
1.711000e+00    8.027197e-02
1.711500e+00    8.093037e-02
1.712000e+00    8.156610e-02
1.712500e+00    8.207213e-02
1.713000e+00    8.242388e-02
1.713500e+00    8.269298e-02
1.714000e+00    8.300808e-02
1.714500e+00    8.348373e-02
1.715000e+00    8.415665e-02
1.715500e+00    8.496436e-02
1.716000e+00    8.577835e-02
1.716500e+00    8.647379e-02
1.717000e+00    8.699757e-02
1.717500e+00    8.739716e-02
1.718000e+00    8.779415e-02
1.718500e+00    8.831668e-02
1.719000e+00    8.902788e-02
1.719500e+00    8.988968e-02
1.720000e+00    9.078227e-02
1.720500e+00    9.156873e-02
1.721000e+00    9.216959e-02
1.721500e+00    9.260623e-02
1.722000e+00    9.298892e-02
1.722500e+00    9.345596e-02
1.723000e+00    9.409693e-02
1.723500e+00    9.490260e-02
1.724000e+00    9.576894e-02
1.724500e+00    9.655374e-02
1.725000e+00    9.715462e-02
1.725500e+00    9.756576e-02
1.726000e+00    9.788184e-02
1.726500e+00    9.824663e-02
1.727000e+00    9.877440e-02
1.727500e+00    9.948711e-02
1.728000e+00    1.003023e-01
1.728500e+00    1.010785e-01
1.729000e+00    1.016936e-01
1.729500e+00    1.021133e-01
1.730000e+00    1.024110e-01
1.730500e+00    1.027295e-01
1.731000e+00    1.032029e-01
1.731500e+00    1.038841e-01
1.732000e+00    1.047155e-01
1.732500e+00    1.055613e-01
1.733000e+00    1.062826e-01
1.733500e+00    1.068146e-01
1.734000e+00    1.072039e-01
1.734500e+00    1.075837e-01
1.735000e+00    1.081017e-01
1.735500e+00    1.088389e-01
1.736000e+00    1.097648e-01
1.736500e+00    1.107538e-01
1.737000e+00    1.116532e-01
1.737500e+00    1.123679e-01
1.738000e+00    1.129121e-01
1.738500e+00    1.134022e-01
1.739000e+00    1.139921e-01
1.739500e+00    1.147880e-01
1.740000e+00    1.157883e-01
1.740500e+00    1.168826e-01
1.741000e+00    1.179106e-01
1.741500e+00    1.187484e-01
1.742000e+00    1.193759e-01
1.742500e+00    1.198865e-01
1.743000e+00    1.204347e-01
1.743500e+00    1.211491e-01
1.744000e+00    1.220598e-01
1.744500e+00    1.230784e-01
1.745000e+00    1.240446e-01
1.745500e+00    1.248119e-01
1.746000e+00    1.253264e-01
1.746500e+00    1.256556e-01
1.747000e+00    1.259496e-01
1.747500e+00    1.263579e-01
1.748000e+00    1.269445e-01
1.748500e+00    1.276514e-01
1.749000e+00    1.283278e-01
1.749500e+00    1.288122e-01
1.750000e+00    1.290201e-01
1.750500e+00    1.289911e-01
1.751000e+00    1.288668e-01
1.751500e+00    1.288141e-01
1.752000e+00    1.289326e-01
1.752500e+00    1.292001e-01
1.753000e+00    1.294844e-01
1.753500e+00    1.296164e-01
1.754000e+00    1.294841e-01
1.754500e+00    1.290962e-01
1.755000e+00    1.285797e-01
1.755500e+00    1.281121e-01
1.756000e+00    1.278259e-01
1.756500e+00    1.277371e-01
1.757000e+00    1.277374e-01
1.757500e+00    1.276556e-01
1.758000e+00    1.273538e-01
1.758500e+00    1.268057e-01
1.759000e+00    1.261146e-01
1.759500e+00    1.254593e-01
1.760000e+00    1.249983e-01
1.760500e+00    1.247844e-01
1.761000e+00    1.247368e-01
1.761500e+00    1.246868e-01
1.762000e+00    1.244721e-01
1.762500e+00    1.240280e-01
1.763000e+00    1.234255e-01
1.763500e+00    1.228344e-01
1.764000e+00    1.224318e-01
1.764500e+00    1.223051e-01
1.765000e+00    1.224043e-01
1.765500e+00    1.225693e-01
1.766000e+00    1.226178e-01
1.766500e+00    1.224463e-01
1.767000e+00    1.220878e-01
1.767500e+00    1.216946e-01
1.768000e+00    1.214551e-01
1.768500e+00    1.214895e-01
1.769000e+00    1.217826e-01
1.769500e+00    1.221902e-01
1.770000e+00    1.225173e-01
1.770500e+00    1.226236e-01
1.771000e+00    1.225005e-01
1.771500e+00    1.222755e-01
1.772000e+00    1.221406e-01
1.772500e+00    1.222458e-01
1.773000e+00    1.226135e-01
1.773500e+00    1.231234e-01
1.774000e+00    1.235756e-01
1.774500e+00    1.237980e-01
1.775000e+00    1.237390e-01
1.775500e+00    1.234951e-01
1.776000e+00    1.232557e-01
1.776500e+00    1.231977e-01
1.777000e+00    1.233852e-01
1.777500e+00    1.237316e-01
1.778000e+00    1.240444e-01
1.778500e+00    1.241296e-01
1.779000e+00    1.238972e-01
1.779500e+00    1.234117e-01
1.780000e+00    1.228572e-01
1.780500e+00    1.224373e-01
1.781000e+00    1.222637e-01
1.781500e+00    1.222952e-01
1.782000e+00    1.223617e-01
1.782500e+00    1.222593e-01
1.783000e+00    1.218658e-01
1.783500e+00    1.212126e-01
1.784000e+00    1.204725e-01
1.784500e+00    1.198701e-01
1.785000e+00    1.195630e-01
1.785500e+00    1.195594e-01
1.786000e+00    1.197176e-01
1.786500e+00    1.198287e-01
1.787000e+00    1.197367e-01
1.787500e+00    1.194301e-01
1.788000e+00    1.190553e-01
1.788500e+00    1.188416e-01
1.789000e+00    1.189803e-01
1.789500e+00    1.195229e-01
1.790000e+00    1.203562e-01
1.790500e+00    1.212663e-01
1.791000e+00    1.220597e-01
1.791500e+00    1.226725e-01
1.792000e+00    1.232089e-01
1.792500e+00    1.238871e-01
1.793000e+00    1.249201e-01
1.793500e+00    1.263993e-01
1.794000e+00    1.282425e-01
1.794500e+00    1.302375e-01
1.795000e+00    1.321569e-01
1.795500e+00    1.338822e-01
1.796000e+00    1.354676e-01
1.796500e+00    1.371089e-01
1.797000e+00    1.390336e-01
1.797500e+00    1.413714e-01
1.798000e+00    1.440780e-01
1.798500e+00    1.469527e-01
1.799000e+00    1.497434e-01
1.799500e+00    1.522788e-01
1.800000e+00    1.545581e-01
1.800500e+00    1.567460e-01
1.801000e+00    1.590759e-01
1.801500e+00    1.617144e-01
1.802000e+00    1.646609e-01
1.802500e+00    1.677382e-01
1.803000e+00    1.706806e-01
1.803500e+00    1.732715e-01
1.804000e+00    1.754550e-01
1.804500e+00    1.773596e-01
1.805000e+00    1.792209e-01
1.805500e+00    1.812447e-01
1.806000e+00    1.834853e-01
1.806500e+00    1.858079e-01
1.807000e+00    1.879550e-01
1.807500e+00    1.896827e-01
1.808000e+00    1.908911e-01
1.808500e+00    1.916780e-01
1.809000e+00    1.922849e-01
1.809500e+00    1.929640e-01
1.810000e+00    1.938405e-01
1.810500e+00    1.948438e-01
1.811000e+00    1.957487e-01
1.811500e+00    1.963030e-01
1.812000e+00    1.963727e-01
1.812500e+00    1.960240e-01
1.813000e+00    1.954972e-01
1.813500e+00    1.950843e-01
1.814000e+00    1.949779e-01
1.814500e+00    1.951741e-01
1.815000e+00    1.954833e-01
1.815500e+00    1.956436e-01
1.816000e+00    1.954751e-01
1.816500e+00    1.949900e-01
1.817000e+00    1.943969e-01
1.817500e+00    1.939961e-01
1.818000e+00    1.940215e-01
1.818500e+00    1.945177e-01
1.819000e+00    1.953178e-01
1.819500e+00    1.961377e-01
1.820000e+00    1.967332e-01
1.820500e+00    1.970358e-01
1.821000e+00    1.971910e-01
1.821500e+00    1.974766e-01
1.822000e+00    1.981458e-01
1.822500e+00    1.992808e-01
1.823000e+00    2.007378e-01
1.823500e+00    2.022147e-01
1.824000e+00    2.034064e-01
1.824500e+00    2.041613e-01
1.825000e+00    2.045543e-01
1.825500e+00    2.048347e-01
1.826000e+00    2.052760e-01
1.826500e+00    2.060116e-01
1.827000e+00    2.069457e-01
1.827500e+00    2.077903e-01
1.828000e+00    2.082092e-01
1.828500e+00    2.079908e-01
1.829000e+00    2.071553e-01
1.829500e+00    2.059349e-01
1.830000e+00    2.046388e-01
1.830500e+00    2.034755e-01
1.831000e+00    2.024304e-01
1.831500e+00    2.012669e-01
1.832000e+00    1.996521e-01
1.832500e+00    1.973389e-01
1.833000e+00    1.943039e-01
1.833500e+00    1.907653e-01
1.834000e+00    1.870689e-01
1.834500e+00    1.835037e-01
1.835000e+00    1.801489e-01
1.835500e+00    1.768362e-01
1.836000e+00    1.732500e-01
1.836500e+00    1.691110e-01
1.837000e+00    1.643428e-01
1.837500e+00    1.591290e-01
1.838000e+00    1.538280e-01
1.838500e+00    1.487903e-01
1.839000e+00    1.441793e-01
1.839500e+00    1.398931e-01
1.840000e+00    1.356330e-01
1.840500e+00    1.310809e-01
1.841000e+00    1.260901e-01
1.841500e+00    1.207825e-01
1.842000e+00    1.154989e-01
1.842500e+00    1.106272e-01
1.843000e+00    1.064014e-01
1.843500e+00    1.027844e-01
1.844000e+00    9.949720e-02
1.844500e+00    9.618269e-02
1.845000e+00    9.261306e-02
1.845500e+00    8.882769e-02
1.846000e+00    8.512375e-02
1.846500e+00    8.190329e-02
1.847000e+00    7.945943e-02
1.847500e+00    7.781916e-02
1.848000e+00    7.673035e-02
1.848500e+00    7.580176e-02
1.849000e+00    7.472050e-02
1.849500e+00    7.342751e-02
1.850000e+00    7.215367e-02
1.850500e+00    7.129475e-02
1.851000e+00    7.119266e-02
1.851500e+00    7.194278e-02
1.852000e+00    7.333446e-02
1.852500e+00    7.495938e-02
1.853000e+00    7.642998e-02
1.853500e+00    7.758875e-02
1.854000e+00    7.859263e-02
1.854500e+00    7.982441e-02
1.855000e+00    8.167813e-02
1.855500e+00    8.433575e-02
1.856000e+00    8.765856e-02
1.856500e+00    9.125504e-02
1.857000e+00    9.468976e-02
1.857500e+00    9.771965e-02
1.858000e+00    1.004271e-01
1.858500e+00    1.031745e-01
1.859000e+00    1.064036e-01
1.859500e+00    1.103872e-01
1.860000e+00    1.150707e-01
1.860500e+00    1.200918e-01
1.861000e+00    1.249687e-01
1.861500e+00    1.293565e-01
1.862000e+00    1.332281e-01
1.862500e+00    1.368806e-01
1.863000e+00    1.407595e-01
1.863500e+00    1.451968e-01
1.864000e+00    1.502059e-01
1.864500e+00    1.554484e-01
1.865000e+00    1.603943e-01
1.865500e+00    1.645896e-01
1.866000e+00    1.678855e-01
1.866500e+00    1.705033e-01
1.867000e+00    1.728963e-01
1.867500e+00    1.754848e-01
1.868000e+00    1.784081e-01
1.868500e+00    1.814344e-01
1.869000e+00    1.840792e-01
1.869500e+00    1.858719e-01
1.870000e+00    1.866261e-01
1.870500e+00    1.865625e-01
1.871000e+00    1.862166e-01
1.871500e+00    1.861774e-01
1.872000e+00    1.867994e-01
1.872500e+00    1.880471e-01
1.873000e+00    1.895580e-01
1.873500e+00    1.908925e-01
1.874000e+00    1.918334e-01
1.874500e+00    1.925684e-01
1.875000e+00    1.936507e-01
1.875500e+00    1.957544e-01
1.876000e+00    1.993552e-01
1.876500e+00    2.045099e-01
1.877000e+00    2.108561e-01
1.877500e+00    2.178359e-01
1.878000e+00    2.250188e-01
1.878500e+00    2.323479e-01
1.879000e+00    2.401691e-01
1.879500e+00    2.490228e-01
1.880000e+00    2.593099e-01
1.880500e+00    2.710150e-01
1.881000e+00    2.836411e-01
1.881500e+00    2.963972e-01
1.882000e+00    3.085409e-01
1.882500e+00    3.196895e-01
1.883000e+00    3.299297e-01
1.883500e+00    3.396638e-01
1.884000e+00    3.492758e-01
1.884500e+00    3.588020e-01
1.885000e+00    3.677926e-01
1.885500e+00    3.754469e-01
1.886000e+00    3.809548e-01
1.886500e+00    3.838626e-01
1.887000e+00    3.842615e-01
1.887500e+00    3.826943e-01
1.888000e+00    3.798270e-01
1.888500e+00    3.760645e-01
1.889000e+00    3.713228e-01
1.889500e+00    3.650866e-01
1.890000e+00    3.567258e-01
1.890500e+00    3.458974e-01
1.891000e+00    3.328122e-01
1.891500e+00    3.182106e-01
1.892000e+00    3.030551e-01
1.892500e+00    2.881002e-01
1.893000e+00    2.735739e-01
1.893500e+00    2.591473e-01
1.894000e+00    2.442123e-01
1.894500e+00    2.283173e-01
1.895000e+00    2.115199e-01
1.895500e+00    1.944579e-01
1.896000e+00    1.780899e-01
1.896500e+00    1.632434e-01
1.897000e+00    1.502150e-01
1.897500e+00    1.386453e-01
1.898000e+00    1.277458e-01
1.898500e+00    1.167583e-01
1.899000e+00    1.053977e-01
1.899500e+00    9.403323e-02
1.900000e+00    8.350109e-02
1.900500e+00    7.464584e-02
1.901000e+00    6.783977e-02
1.901500e+00    6.274812e-02
1.902000e+00    5.847794e-02
1.902500e+00    5.403794e-02
1.903000e+00    4.886252e-02
1.903500e+00    4.311080e-02
1.904000e+00    3.756932e-02
1.904500e+00    3.320321e-02
1.905000e+00    3.059680e-02
1.905500e+00    2.959271e-02
1.906000e+00    2.933572e-02
1.906500e+00    2.870820e-02
1.907000e+00    2.692528e-02
1.907500e+00    2.396299e-02
1.908000e+00    2.057608e-02
1.908500e+00    1.788418e-02
1.909000e+00    1.674438e-02
1.909500e+00    1.725346e-02
1.910000e+00    1.866100e-02
1.910500e+00    1.975372e-02
1.911000e+00    1.951082e-02
1.911500e+00    1.767318e-02
1.912000e+00    1.490616e-02
1.912500e+00    1.245237e-02
1.913000e+00    1.145181e-02
1.913500e+00    1.229786e-02
1.914000e+00    1.438962e-02
1.914500e+00    1.643183e-02
1.915000e+00    1.713343e-02
1.915500e+00    1.592818e-02
1.916000e+00    1.331571e-02
1.916500e+00    1.061889e-02
1.917000e+00    9.272293e-03
1.917500e+00    1.002202e-02
1.918000e+00    1.248111e-02
1.918500e+00    1.530234e-02
1.919000e+00    1.689569e-02
1.919500e+00    1.631019e-02
1.920000e+00    1.379337e-02
1.920500e+00    1.070202e-02
1.921000e+00    8.787333e-03
1.921500e+00    9.228464e-03
1.922000e+00    1.194513e-02
1.922500e+00    1.558677e-02
1.923000e+00    1.823465e-02
1.923500e+00    1.845583e-02
1.924000e+00    1.613425e-02
1.924500e+00    1.260161e-02
1.925000e+00    9.960592e-03
1.925500e+00    9.939878e-03
1.926000e+00    1.290050e-02
1.926500e+00    1.756005e-02
1.927000e+00    2.162871e-02
1.927500e+00    2.304956e-02
1.928000e+00    2.117952e-02
1.928500e+00    1.724215e-02
1.929000e+00    1.375351e-02
1.929500e+00    1.318143e-02
1.930000e+00    1.654578e-02
1.930500e+00    2.274643e-02
1.931000e+00    2.904811e-02
1.931500e+00    3.252951e-02
1.932000e+00    3.174737e-02
1.932500e+00    2.768986e-02
1.933000e+00    2.342403e-02
1.933500e+00    2.253166e-02
1.934000e+00    2.711942e-02
1.934500e+00    3.649718e-02
1.935000e+00    4.733916e-02
1.935500e+00    5.538155e-02
1.936000e+00    5.784818e-02
1.936500e+00    5.530206e-02
1.937000e+00    5.180549e-02
1.937500e+00    5.310095e-02
1.938000e+00    6.361094e-02
1.938500e+00    8.382858e-02
1.939000e+00    1.096742e-01
1.939500e+00    1.345313e-01
1.940000e+00    1.533034e-01
1.940500e+00    1.666131e-01
1.941000e+00    1.828528e-01
1.941500e+00    2.165059e-01
1.942000e+00    2.827638e-01
1.942500e+00    3.902862e-01
1.943000e+00    5.351147e-01
1.943500e+00    6.986504e-01
1.944000e+00    8.511582e-01
1.944500e+00    9.600333e-01
1.945000e+00    1.000000e+00
1.945500e+00    9.614404e-01
1.946000e+00    8.536383e-01
1.946500e+00    7.016659e-01
1.947000e+00    5.381261e-01
1.947500e+00    3.929316e-01
1.948000e+00    2.849404e-01
1.948500e+00    2.183270e-01
1.949000e+00    1.845167e-01
1.949500e+00    1.682579e-01
1.950000e+00    1.549235e-01
1.950500e+00    1.359912e-01
1.951000e+00    1.108007e-01
1.951500e+00    8.452303e-02
1.952000e+00    6.391405e-02
1.952500e+00    5.317531e-02
1.953000e+00    5.184716e-02
1.953500e+00    5.543317e-02
1.954000e+00    5.805187e-02
1.954500e+00    5.551557e-02
1.955000e+00    4.721963e-02
1.955500e+00    3.600489e-02
1.956000e+00    2.626877e-02
1.956500e+00    2.146397e-02
1.957000e+00    2.232945e-02
1.957500e+00    2.670190e-02
1.958000e+00    3.086910e-02
1.958500e+00    3.163247e-02
1.959000e+00    2.794431e-02
1.959500e+00    2.129314e-02
1.960000e+00    1.472478e-02
1.960500e+00    1.110877e-02
1.961000e+00    1.161443e-02
1.961500e+00    1.518758e-02
1.962000e+00    1.924154e-02
1.962500e+00    2.112268e-02
1.963000e+00    1.952728e-02
1.963500e+00    1.511985e-02
1.964000e+00    1.006820e-02
1.964500e+00    6.800935e-03
1.965000e+00    6.690081e-03
1.965500e+00    9.365374e-03
1.966000e+00    1.299501e-02
1.966500e+00    1.533616e-02
1.967000e+00    1.495720e-02
1.967500e+00    1.196952e-02
1.968000e+00    7.898864e-03
1.968500e+00    4.802732e-03
1.969000e+00    4.139465e-03
1.969500e+00    6.006316e-03
1.970000e+00    9.140627e-03
1.970500e+00    1.165298e-02
1.971000e+00    1.206952e-02
1.971500e+00    1.011095e-02
1.972000e+00    6.798767e-03
1.972500e+00    3.856342e-03
1.973000e+00    2.752790e-03
1.973500e+00    3.917632e-03
1.974000e+00    6.543661e-03
1.974500e+00    9.064350e-03
1.975000e+00    1.002566e-02
1.975500e+00    8.868697e-03
1.976000e+00    6.203525e-03
1.976500e+00    3.442286e-03
1.977000e+00    2.009863e-03
1.977500e+00    2.571630e-03
1.978000e+00    4.695323e-03
1.978500e+00    7.117057e-03
1.979000e+00    8.449959e-03
1.979500e+00    7.939272e-03
1.980000e+00    5.853856e-03
1.980500e+00    3.312241e-03
1.981000e+00    1.652880e-03
1.981500e+00    1.702045e-03
1.982000e+00    3.338759e-03
1.982500e+00    5.584783e-03
1.983000e+00    7.157338e-03
1.983500e+00    7.173122e-03
1.984000e+00    5.618008e-03
1.984500e+00    3.333450e-03
1.985000e+00    1.538749e-03
1.985500e+00    1.159560e-03
1.986000e+00    2.331717e-03
1.986500e+00    4.345595e-03
1.987000e+00    6.051055e-03
1.987500e+00    6.492564e-03
1.988000e+00    5.424357e-03
1.988500e+00    3.428450e-03
1.989000e+00    1.580112e-03
1.989500e+00    8.523830e-04
1.990000e+00    1.588849e-03
1.990500e+00    3.329826e-03
1.991000e+00    5.079045e-03
1.991500e+00    5.856757e-03
1.992000e+00    5.232617e-03
1.992500e+00    3.548958e-03
1.993000e+00    1.719156e-03
1.993500e+00    7.191756e-04
1.994000e+00    1.054895e-03
1.994500e+00    2.495552e-03
1.995000e+00    4.213287e-03
1.995500e+00    5.245189e-03
1.996000e+00    5.020311e-03
1.996500e+00    3.663552e-03
1.997000e+00    1.915020e-03
1.997500e+00    7.157278e-04
1.998000e+00    6.912077e-04
1.998500e+00    1.816091e-03
1.999000e+00    3.439197e-03
1.999500e+00    4.649209e-03
2.000000e+00    4.775890e-03
2.000500e+00    3.751426e-03
2.001000e+00    2.137367e-03
2.001500e+00    8.080314e-04
2.002000e+00    4.685932e-04
2.002500e+00    1.273216e-03
2.003000e+00    2.749780e-03
2.003500e+00    4.067320e-03
2.004000e+00    4.494954e-03
2.004500e+00    3.799037e-03
2.005000e+00    2.362964e-03
2.005500e+00    9.685404e-04
2.006000e+00    3.633467e-04
2.006500e+00    8.532867e-04
2.007000e+00    2.142204e-03
2.007500e+00    3.502377e-03
2.008000e+00    4.178012e-03
2.008500e+00    3.798183e-03
2.009000e+00    2.573784e-03
2.009500e+00    1.174118e-03
2.010000e+00    3.550192e-04
2.010500e+00    5.449723e-04
2.011000e+00    1.615685e-03
2.011500e+00    2.959789e-03
2.012000e+00    3.829037e-03
2.012500e+00    3.744820e-03
2.013000e+00    2.755934e-03
2.013500e+00    1.404910e-03
2.014000e+00    4.251675e-04
2.014500e+00    3.379026e-04
2.015000e+00    1.170130e-03
2.015500e+00    2.446287e-03
2.016000e+00    3.454448e-03
2.016500e+00    3.638276e-03
2.017000e+00    2.899016e-03
2.017500e+00    1.643750e-03
2.018000e+00    5.566873e-04
2.018500e+00    2.218775e-04
2.019000e+00    8.052621e-04
2.019500e+00    1.969042e-03
2.020000e+00    3.062339e-03
2.020500e+00    3.480656e-03
2.021000e+00    2.995727e-03
2.021500e+00    1.875863e-03
2.022000e+00    7.335035e-04
2.022500e+00    1.864416e-04
2.023000e+00    5.200384e-04
2.023500e+00    1.535006e-03
2.024000e+00    2.661845e-03
2.024500e+00    3.276364e-03
2.025000e+00    3.041568e-03
2.025500e+00    2.088736e-03
2.026000e+00    9.404810e-04
2.026500e+00    2.207001e-04
2.027000e+00    3.123021e-04
2.027500e+00    1.150404e-03
2.028000e+00    2.262603e-03
2.028500e+00    3.031663e-03
2.029000e+00    3.034620e-03
2.029500e+00    2.272079e-03
2.030000e+00    1.163471e-03
2.030500e+00    3.133031e-04
2.031000e+00    1.785878e-04
2.031500e+00    8.203556e-04
2.032000e+00    1.874281e-03
2.032500e+00    2.754269e-03
2.033000e+00    2.975310e-03
2.033500e+00    2.417816e-03
2.034000e+00    1.389436e-03
2.034500e+00    4.525449e-04
2.035000e+00    1.140566e-04
2.035500e+00    5.485988e-04
2.036000e+00    1.506158e-03
2.036500e+00    2.452945e-03
2.037000e+00    2.866183e-03
2.037500e+00    2.520083e-03
2.038000e+00    1.606613e-03
2.038500e+00    6.265440e-04
2.039000e+00    1.125319e-04
2.039500e+00    3.373018e-04
2.040000e+00    1.166765e-03
2.040500e+00    2.137110e-03
2.041000e+00    2.711643e-03
2.041500e+00    2.575202e-03
2.042000e+00    1.804685e-03
2.042500e+00    8.234747e-04
2.043000e+00    1.666182e-04
2.043500e+00    1.869595e-04
2.044000e+00    8.635720e-04
2.044500e+00    1.816457e-03
2.045000e+00    2.517668e-03
2.045500e+00    2.581615e-03
2.046000e+00    1.974946e-03
2.046500e+00    1.031828e-03
2.047000e+00    2.678847e-04
2.047500e+00    9.636743e-05
2.048000e+00    6.027358e-04
2.048500e+00    1.500580e-03
2.049000e+00    2.291508e-03
2.049500e+00    2.539787e-03
2.050000e+00    2.110431e-03
2.050500e+00    1.240683e-03
2.051000e+00    4.071000e-04
2.051500e+00    6.266614e-05
2.052000e+00    3.889082e-04
2.052500e+00    1.198634e-03
2.053000e+00    2.041353e-03
2.053500e+00    2.452058e-03
2.054000e+00    2.206012e-03
2.054500e+00    1.439973e-03
2.055000e+00    5.745039e-04
2.055500e+00    8.145038e-05
2.056000e+00    2.251043e-04
2.056500e+00    9.190168e-04
2.057000e+00    1.775995e-03
2.057500e+00    2.322447e-03
2.058000e+00    2.258445e-03
2.058500e+00    1.620731e-03
2.059000e+00    7.601019e-04
2.059500e+00    1.469355e-04
2.060000e+00    1.126362e-04
2.060500e+00    6.690945e-04
2.061000e+00    1.504484e-03
2.061500e+00    2.156422e-03
2.062000e+00    2.266366e-03
2.062500e+00    1.775306e-03
2.063000e+00    9.539696e-04
2.063500e+00    2.521725e-04
2.064000e+00    5.110850e-05
2.064500e+00    4.549719e-04
2.065000e+00    1.235791e-03
2.065500e+00    1.960634e-03
2.066000e+00    2.230235e-03
2.066500e+00    1.897537e-03
2.067000e+00    1.146555e-03
2.067500e+00    3.893015e-04
2.068000e+00    3.847654e-05
2.068500e+00    2.813145e-04
2.069000e+00    9.784860e-04
2.069500e+00    1.742618e-03
2.070000e+00    2.152218e-03
2.070500e+00    1.982877e-03
2.071000e+00    1.328965e-03
2.071500e+00    5.498347e-04
2.072000e+00    7.116118e-05
2.072500e+00    1.512270e-04
2.073000e+00    7.404411e-04
2.073500e+00    1.510486e-03
2.074000e+00    2.036034e-03
2.074500e+00    2.028472e-03
2.075000e+00    1.493229e-03
2.075500e+00    7.249556e-04
2.076000e+00    1.442158e-04
2.076500e+00    6.619028e-05
2.077000e+00    5.285693e-04
2.077500e+00    1.272602e-03
2.078000e+00    1.886743e-03
2.078500e+00    2.033173e-03
2.079000e+00    1.632523e-03
2.079500e+00    9.058256e-04
2.080000e+00    2.515380e-04
2.080500e+00    2.605867e-05
2.081000e+00    3.486049e-04
2.081500e+00    1.037267e-03
2.082000e+00    1.710508e-03
2.082500e+00    1.997501e-03
2.083000e+00    1.741356e-03
2.083500e+00    1.083884e-03
2.084000e+00    3.861172e-04
2.084500e+00    2.911455e-05
2.085000e+00    2.049325e-04
2.085500e+00    8.124132e-04
2.086000e+00    1.514316e-03
2.086500e+00    1.923555e-03
2.087000e+00    1.815704e-03
2.087500e+00    1.251133e-03
2.088000e+00    5.403091e-04
2.088500e+00    7.217825e-05
2.089000e+00    1.004700e-04
2.089500e+00    6.053259e-04
2.090000e+00    1.305694e-03
2.090500e+00    1.814865e-03
2.091000e+00    1.853091e-03
2.091500e+00    1.400396e-03
2.092000e+00    7.061261e-04
2.092500e+00    1.507676e-04
2.093000e+00    3.660753e-05
2.093500e+00    4.223901e-04
2.094000e+00    1.092400e-03
2.094500e+00    1.676206e-03
2.095000e+00    1.852615e-03
2.095500e+00    1.525543e-03
2.096000e+00    8.755325e-04
2.096500e+00    2.593004e-04
2.097000e+00    1.320347e-05
2.097500e+00    2.688837e-04
2.098000e+00    8.821287e-04
2.098500e+00    1.513373e-03
2.099000e+00    1.814921e-03
2.099500e+00    1.621669e-03
2.100000e+00    1.040735e-03
2.100500e+00    3.913314e-04
2.101000e+00    2.863652e-05
2.101500e+00    1.488147e-04
2.102000e+00    6.822219e-04
2.102500e+00    1.332922e-03
2.103000e+00    1.742113e-03
2.103500e+00    1.685230e-03
2.104000e+00    1.194456e-03
2.104500e+00    5.398146e-04
2.105000e+00    7.991049e-05
2.105500e+00    6.480953e-05
2.106000e+00    4.994012e-04
2.106500e+00    1.141895e-03
2.107000e+00    1.637623e-03
2.107500e+00    1.714121e-03
2.108000e+00    1.330185e-03
2.108500e+00    6.973816e-04
2.109000e+00    1.628069e-04
2.109500e+00    1.805609e-05
2.110000e+00    3.395325e-04
2.110500e+00    9.475388e-04
2.111000e+00    1.506037e-03
2.111500e+00    1.707705e-03
2.112000e+00    1.442388e-03
2.112500e+00    8.566234e-04
2.113000e+00    2.720787e-04
2.113500e+00    8.301112e-06
2.114000e+00    2.074291e-04
2.114500e+00    7.570187e-04
2.115000e+00    1.352874e-03
2.115500e+00    1.666784e-03
2.116000e+00    1.526687e-03
2.116500e+00    1.010368e-03
2.117000e+00    4.016773e-04
2.117500e+00    3.390162e-05
2.118000e+00    1.066982e-04
2.118500e+00    5.771455e-04
2.119000e+00    1.184349e-03
2.119500e+00    1.593522e-03
2.120000e+00    1.579981e-03
2.120500e+00    1.151941e-03
2.121000e+00    5.450038e-04
2.121500e+00    9.192694e-05
2.122000e+00    3.963842e-05
2.122500e+00    4.141250e-04
2.123000e+00    1.007110e-03
2.123500e+00    1.491314e-03
2.124000e+00    1.600525e-03
2.124500e+00    1.275402e-03
2.125000e+00    6.951742e-04
2.125500e+00    1.783065e-04
2.126000e+00    7.187435e-06
2.126500e+00    2.733350e-04
2.127000e+00    8.279662e-04
2.127500e+00    1.364619e-03
2.128000e+00    1.587950e-03
2.128500e+00    1.375748e-03
2.129000e+00    8.452890e-04
2.129500e+00    2.880168e-04
2.130000e+00    8.923914e-06
2.130500e+00    1.591408e-04
2.131000e+00    6.536217e-04
2.131500e+00    1.218752e-03
2.132000e+00    1.543239e-03
2.132500e+00    1.449076e-03
2.133000e+00    9.886966e-04
2.133500e+00    4.153001e-04
2.134000e+00    4.312020e-05
2.134500e+00    7.475291e-05
2.135000e+00    4.904141e-04
2.135500e+00    1.059657e-03
2.136000e+00    1.468646e-03
2.136500e+00    1.492698e-03
2.137000e+00    1.119242e-03
2.137500e+00    5.539055e-04
2.138000e+00    1.068437e-04
2.138500e+00    2.213361e-05
2.139000e+00    3.440792e-04
2.139500e+00    8.936498e-04
2.140000e+00    1.367568e-03
2.140500e+00    1.505213e-03
2.141000e+00    1.231488e-03
2.141500e+00    6.973432e-04
2.142000e+00    1.961020e-04
2.142500e+00    1.952247e-06
2.143000e+00    2.195415e-04
2.143500e+00    7.271649e-04
2.144000e+00    1.244386e-03
2.144500e+00    1.486523e-03
2.145000e+00    1.320907e-03
2.145500e+00    8.391418e-04
2.146000e+00    3.060247e-04
2.146500e+00    1.359228e-05
2.147000e+00    1.207423e-04
2.147500e+00    5.664986e-04
2.148000e+00    1.104259e-03
2.148500e+00    1.437799e-03
2.149000e+00    1.384032e-03
2.149500e+00    9.730990e-04
2.150000e+00    4.310759e-04
2.150500e+00    5.520728e-05
2.151000e+00    5.050940e-05
2.151500e+00    4.175638e-04
2.152000e+00    9.529054e-04
2.152500e+00    1.361403e-03
2.153000e+00    1.418565e-03
2.153500e+00    1.093517e-03
2.154000e+00    5.652862e-04
2.154500e+00    1.238233e-04
2.155000e+00    1.047288e-05
2.155500e+00    2.856664e-04
2.156000e+00    7.963610e-04
2.156500e+00    1.260762e-03
2.157000e+00    1.423431e-03
2.157500e+00    1.195410e-03
2.158000e+00    7.024972e-04
2.158500e+00    2.154829e-04
2.159000e+00    1.029523e-06
2.159500e+00    1.753098e-04
2.160000e+00    6.407313e-04
2.160500e+00    1.140206e-03
2.161000e+00    1.398795e-03
2.161500e+00    1.274686e-03
2.162000e+00    8.366079e-04
2.162500e+00    3.254236e-04
2.163000e+00    2.135592e-05
2.163500e+00    9.003604e-05
2.164000e+00    4.919480e-04
2.164500e+00    1.004775e-03
2.165000e+00    1.346022e-03
2.165500e+00    1.328282e-03
2.166000e+00    9.618131e-04
2.166500e+00    4.482848e-04
2.167000e+00    6.946898e-05
2.167500e+00    3.230648e-05
2.168000e+00    3.555373e-04
2.168500e+00    8.599985e-04
2.169000e+00    1.267593e-03
2.169500e+00    1.354263e-03
2.170000e+00    1.072826e-03
2.170500e+00    5.783330e-04
2.171000e+00    1.423305e-04
2.171500e+00    3.428739e-06
2.172000e+00    2.364088e-04
2.172500e+00    7.116659e-04
2.173000e+00    1.166979e-03
2.173500e+00    1.351868e-03
2.174000e+00    1.165074e-03
2.174500e+00    7.096971e-04
2.175000e+00    2.359911e-04
2.175500e+00    3.529770e-06
2.176000e+00    1.386731e-04
2.176500e+00    5.655889e-04
2.177000e+00    1.048482e-03
2.177500e+00    1.321519e-03
2.178000e+00    1.234865e-03
2.178500e+00    8.366045e-04
2.179000e+00    3.457668e-04
2.179500e+00    3.157616e-05
2.180000e+00    6.549491e-05
2.180500e+00    4.273685e-04
2.181000e+00    9.170424e-04
2.181500e+00    1.264771e-03
2.182000e+00    1.279515e-03
2.182500e+00    9.536083e-04
2.183000e+00    4.664413e-04
2.183500e+00    8.543978e-05
2.184000e+00    1.898629e-05
2.184500e+00    3.021745e-04
2.185000e+00    7.780281e-04
2.185500e+00    1.184228e-03
2.186000e+00    1.297432e-03
2.186500e+00    1.055798e-03
2.187000e+00    5.924849e-04
2.187500e+00    1.620054e-04
2.188000e+00    1.438066e-07
2.188500e+00    1.945474e-04
2.189000e+00    6.370090e-04
2.189500e+00    1.083416e-03
2.190000e+00    1.288156e-03
2.190500e+00    1.138982e-03
2.191000e+00    7.182822e-04
2.191500e+00    2.573156e-04
2.192000e+00    8.830918e-06
2.192500e+00    1.082287e-04
2.193000e+00    4.995289e-04
2.193500e+00    9.666205e-04
2.194000e+00    1.252353e-03
2.194500e+00    1.199844e-03
2.195000e+00    8.383584e-04
2.195500e+00    3.667455e-04
2.196000e+00    4.380587e-05
2.196500e+00    4.602567e-05
2.197000e+00    3.708831e-04
2.197500e+00    8.387003e-04
2.198000e+00    1.191767e-03
2.198500e+00    1.236056e-03
2.199000e+00    9.475961e-04
2.199500e+00    4.852022e-04
2.200000e+00    1.027930e-04
2.200500e+00    9.716983e-06
2.201000e+00    2.559093e-04
2.201500e+00    7.048777e-04
2.202000e+00    1.109128e-03
2.202500e+00    1.246350e-03
2.203000e+00    1.041433e-03
2.203500e+00    6.073380e-04
2.204000e+00    1.825938e-04
2.204500e+00    0.000000e+00
2.205000e+00    1.588013e-04
2.205500e+00    5.705218e-04
2.206000e+00    1.008017e-03
2.206500e+00    1.230554e-03
2.207000e+00    1.116037e-03
2.207500e+00    7.277705e-04
2.208000e+00    2.792334e-04
2.208500e+00    1.648282e-05
2.209000e+00    8.295085e-05
2.209500e+00    4.409285e-04
2.210000e+00    8.927141e-04
2.210500e+00    1.189570e-03
2.211000e+00    1.168443e-03
2.211500e+00    8.413001e-04
2.212000e+00    3.881346e-04
2.212500e+00    5.771986e-05
2.213000e+00    3.082551e-05
2.213500e+00    3.211070e-04
2.214000e+00    7.680034e-04
2.214500e+00    1.125326e-03
2.215000e+00    1.196661e-03
2.215500e+00    9.431167e-04
2.216000e+00    5.043140e-04
2.216500e+00    1.212891e-04
2.217000e+00    3.884844e-06
2.217500e+00    2.155817e-04
2.218000e+00    6.389750e-04
2.218500e+00    1.040671e-03
2.219000e+00    1.199733e-03
2.219500e+00    1.028987e-03
2.220000e+00    6.225906e-04
2.220500e+00    2.039071e-04
2.221000e+00    2.538856e-06
2.221500e+00    1.282174e-04
2.222000e+00    5.108109e-04
2.222500e+00    9.392485e-04
2.223000e+00    1.177760e-03
2.223500e+00    1.095415e-03
2.224000e+00    7.377988e-04
2.224500e+00    3.015769e-04
2.225000e+00    2.614924e-05
2.225500e+00    6.207308e-05
2.226000e+00    3.885730e-04
2.226500e+00    8.253311e-04
2.227000e+00    1.131873e-03
2.227500e+00    1.139773e-03
2.228000e+00    8.449977e-04
2.228500e+00    4.097625e-04
2.229000e+00    7.307285e-05
2.229500e+00    1.929137e-05
2.230000e+00    2.769994e-04
2.230500e+00    7.036375e-04
2.231000e+00    1.064174e-03
2.231500e+00    1.160389e-03
2.232000e+00    9.396679e-04
2.232500e+00    5.235812e-04
2.233000e+00    1.407449e-04
2.233500e+00    1.026075e-06
2.234000e+00    1.803160e-04
2.234500e+00    5.791324e-04
2.235000e+00    9.776306e-04
2.235500e+00    1.156606e-03
2.236000e+00    1.017888e-03
2.236500e+00    6.380086e-04
2.237000e+00    2.257983e-04
2.237500e+00    7.411158e-06
2.238000e+00    1.020732e-04
2.238500e+00    4.568198e-04
2.239000e+00    8.759435e-04
2.239500e+00    1.128782e-03
2.240000e+00    1.076484e-03
2.240500e+00    7.480848e-04
2.241000e+00    3.242133e-04
2.241500e+00    3.757127e-05
2.242000e+00    4.501127e-05
2.242500e+00    3.415382e-04
2.243000e+00    7.633814e-04
2.243500e+00    1.078270e-03
2.244000e+00    1.113149e-03
2.244500e+00    8.491154e-04
2.245000e+00    4.314916e-04
2.245500e+00    8.967304e-05
2.246000e+00    1.096088e-05
2.246500e+00    2.377654e-04
2.247000e+00    6.445990e-04
2.247500e+00    1.007337e-03
2.248000e+00    1.126518e-03
2.248500e+00    9.368590e-04
2.249000e+00    5.428468e-04
2.249500e+00    1.610144e-04
2.250000e+00    7.822115e-07
2.250500e+00    1.494407e-04
2.251000e+00    5.244402e-04
2.251500e+00    9.190640e-04
2.252000e+00    1.116217e-03
2.252500e+00    1.007693e-03
2.253000e+00    6.534048e-04
2.253500e+00    2.481478e-04
2.254000e+00    1.434405e-05
2.254500e+00    7.981203e-05
2.255000e+00    4.077368e-04
2.255500e+00    8.172055e-04
2.256000e+00    1.082856e-03
2.256500e+00    1.058754e-03
2.257000e+00    7.584035e-04
2.257500e+00    3.470324e-04
2.258000e+00    5.054353e-05
2.258500e+00    3.131252e-05
2.259000e+00    2.991113e-04
2.259500e+00    7.060246e-04
2.260000e+00    1.027994e-03
2.260500e+00    1.088039e-03
2.261000e+00    8.533864e-04
2.261500e+00    4.532073e-04
2.262000e+00    1.073651e-04
2.262500e+00    5.472694e-06
2.263000e+00    2.027896e-04
2.263500e+00    5.901120e-04
2.264000e+00    9.540605e-04
2.264500e+00    1.094483e-03
2.265000e+00    9.343804e-04
2.265500e+00    5.619807e-04
2.266000e+00    1.819761e-04
2.266500e+00    2.870167e-06
2.267000e+00    1.224334e-04
2.267500e+00    4.741929e-04
2.268000e+00    8.642407e-04
2.268500e+00    1.077981e-03
2.269000e+00    9.980521e-04
2.269500e+00    6.686249e-04
2.270000e+00    2.708535e-04
2.270500e+00    2.311896e-05
2.271000e+00    6.099805e-05
2.271500e+00    3.629306e-04
2.272000e+00    7.623377e-04
2.272500e+00    1.039384e-03
2.273000e+00    1.041835e-03
2.273500e+00    7.685711e-04
2.274000e+00    3.699386e-04
2.274500e+00    6.489829e-05
2.275000e+00    2.061975e-05
2.275500e+00    2.607360e-04
2.276000e+00    6.526060e-04
2.276500e+00    9.804491e-04
2.277000e+00    1.064026e-03
2.277500e+00    8.575944e-04
2.278000e+00    4.748102e-04
2.278500e+00    1.260191e-04
2.279000e+00    2.539146e-06
2.279500e+00    1.715894e-04
2.280000e+00    5.395710e-04
2.280500e+00    9.037558e-04
2.281000e+00    1.063841e-03
2.281500e+00    9.319830e-04
2.282000e+00    5.808708e-04
2.282500e+00    2.035253e-04
2.283000e+00    7.061589e-06
2.283500e+00    9.888243e-05
2.284000e+00    4.278386e-04
2.284500e+00    8.125890e-04
2.285000e+00    1.041438e-03
2.285500e+00    9.886837e-04
2.286000e+00    6.835384e-04
2.286500e+00    2.938251e-04
2.287000e+00    3.355642e-05
2.287500e+00    4.528550e-05
2.288000e+00    3.219053e-04
2.288500e+00    7.107940e-04
2.289000e+00    9.978963e-04
2.289500e+00    1.025420e-03
2.290000e+00    7.784344e-04
2.290500e+00    3.928465e-04
2.291000e+00    8.049455e-05
2.291500e+00    1.264700e-05
2.292000e+00    2.259737e-04
2.292500e+00    6.026120e-04
2.293000e+00    9.351628e-04
2.293500e+00    1.040774e-03
2.294000e+00    8.615613e-04
2.294500e+00    4.962113e-04
2.295000e+00    1.455224e-04
2.295500e+00    1.927019e-06
2.296000e+00    1.437827e-04
2.296500e+00    4.924994e-04
2.297000e+00    8.559586e-04
2.297500e+00    1.034239e-03
2.298000e+00    9.294630e-04
2.298500e+00    5.994186e-04
2.299000e+00    2.255688e-04
2.299500e+00    1.316833e-05
2.300000e+00    7.845933e-05
2.300500e+00    3.849419e-04
2.301000e+00    7.636586e-04
2.301500e+00    1.006221e-03
2.302000e+00    9.793603e-04
2.302500e+00    6.980323e-04
2.303000e+00    3.169799e-04
2.303500e+00    4.550538e-05
2.304000e+00    3.239622e-05
2.304500e+00    2.842687e-04
2.305000e+00    6.621441e-04
2.305500e+00    9.580212e-04
2.306000e+00    1.009258e-03
2.306500e+00    7.878630e-04
2.307000e+00    4.156769e-04
2.307500e+00    9.721046e-05
2.308000e+00    7.161622e-06
2.308500e+00    1.944757e-04
2.309000e+00    5.556368e-04
2.309500e+00    8.917636e-04
2.310000e+00    1.018018e-03
2.310500e+00    8.651380e-04
2.311000e+00    5.173290e-04
2.311500e+00    1.657748e-04
2.312000e+00    3.443728e-06
2.312500e+00    1.190636e-04
2.313000e+00    4.485203e-04
2.313500e+00    8.103022e-04
2.314000e+00    1.005395e-03
2.314500e+00    9.266525e-04
2.315000e+00    6.175354e-04
2.315500e+00    2.480207e-04
2.316000e+00    2.103200e-05
2.316500e+00    6.089921e-05
2.317000e+00    3.451571e-04
2.317500e+00    7.170936e-04
2.318000e+00    9.720412e-04
2.318500e+00    9.698960e-04
2.319000e+00    7.120073e-04
2.319500e+00    3.402404e-04
2.320000e+00    5.883561e-05
2.320500e+00    2.210339e-05
2.321000e+00    2.497079e-04
2.321500e+00    6.160473e-04
2.322000e+00    9.194636e-04
2.322500e+00    9.931478e-04
2.323000e+00    7.967447e-04
2.323500e+00    4.383551e-04
2.324000e+00    1.149379e-04
2.324500e+00    3.971252e-06
2.325000e+00    1.659623e-04
2.325500e+00    5.113590e-04
2.326000e+00    8.499565e-04
2.326500e+00    9.955402e-04
2.327000e+00    8.681983e-04
2.327500e+00    5.380871e-04
2.328000e+00    1.866845e-04
2.328500e+00    6.927242e-06
2.329000e+00    9.718484e-05
2.329500e+00    4.073343e-04
2.330000e+00    7.664964e-04
2.330500e+00    9.770856e-04
2.331000e+00    9.234117e-04
2.331500e+00    6.351396e-04
2.332000e+00    2.708005e-04
2.332500e+00    3.051642e-05
2.333000e+00    4.598586e-05
2.333500e+00    3.082085e-04
2.334000e+00    6.726124e-04
2.334500e+00    9.386663e-04
2.335000e+00    9.601379e-04
2.335500e+00    7.253743e-04
2.336000e+00    3.635327e-04
2.336500e+00    7.343216e-05
2.337000e+00    1.421946e-05
2.337500e+00    2.179721e-04
2.338000e+00    5.722338e-04
2.338500e+00    8.819894e-04
2.339000e+00    9.769252e-04
2.339500e+00    8.049815e-04
2.340000e+00    4.608095e-04
2.340500e+00    1.335788e-04
2.341000e+00    2.914237e-06
2.341500e+00    1.402076e-04
2.342000e+00    4.695235e-04
2.342500e+00    8.095079e-04
2.343000e+00    9.731693e-04
2.343500e+00    8.706345e-04
2.344000e+00    5.584131e-04
2.344500e+00    2.081659e-04
2.345000e+00    1.223859e-05
2.345500e+00    7.794486e-05
2.346000e+00    3.687028e-04
2.346500e+00    7.243115e-04
2.347000e+00    9.491300e-04
2.347500e+00    9.196231e-04
2.348000e+00    6.521557e-04
2.348500e+00    2.938311e-04
2.349000e+00    4.150191e-05
2.349500e+00    3.354071e-05
2.350000e+00    2.738755e-04
2.350500e+00    6.299920e-04
2.351000e+00    9.059124e-04
2.351500e+00    9.499601e-04
2.352000e+00    7.380529e-04
2.352500e+00    3.867846e-04
2.353000e+00    8.919125e-05
2.353500e+00    8.587138e-06
2.354000e+00    1.888589e-04
2.354500e+00    5.304901e-04
2.355000e+00    8.454131e-04
2.355500e+00    9.604569e-04
2.356000e+00    8.124869e-04
2.356500e+00    4.829705e-04
2.357000e+00    1.530417e-04
2.357500e+00    3.852362e-06
2.358000e+00    1.170277e-04
2.358500e+00    4.299277e-04
2.359000e+00    7.702337e-04
2.359500e+00    9.507653e-04
2.360000e+00    8.723541e-04
2.360500e+00    5.782376e-04
2.361000e+00    2.301372e-04
2.361500e+00    1.925625e-05
2.362000e+00    6.117763e-05
2.362500e+00    3.324354e-04
2.363000e+00    6.835666e-04
2.363500e+00    9.213848e-04
2.364000e+00    9.151884e-04
2.364500e+00    6.685127e-04
2.365000e+00    3.170375e-04
2.365500e+00    5.388113e-05
2.366000e+00    2.341445e-05
2.366500e+00    2.419809e-04
2.367000e+00    5.890571e-04
2.367500e+00    8.736341e-04
2.368000e+00    9.392587e-04
2.368500e+00    7.499693e-04
2.369000e+00    4.099257e-04
2.369500e+00    1.060172e-04
2.370000e+00    5.072441e-06
2.370500e+00    1.622047e-04
2.371000e+00    4.906475e-04
2.371500e+00    8.095890e-04
2.372000e+00    9.436344e-04
2.372500e+00    8.191844e-04
2.373000e+00    5.047701e-04
2.373500e+00    1.732405e-04
2.374000e+00    6.665332e-06
2.374500e+00    9.627202e-05
2.375000e+00    3.924110e-04
2.375500e+00    7.319895e-04
2.376000e+00    9.282169e-04
2.376500e+00    8.732771e-04
2.377000e+00    5.974935e-04
2.377500e+00    2.525195e-04
2.378000e+00    2.787184e-05
2.378500e+00    4.674495e-05
2.379000e+00    2.983807e-04
2.379500e+00    6.441205e-04
2.380000e+00    8.937370e-04
2.380500e+00    9.100244e-04
2.381000e+00    6.841436e-04
2.381500e+00    3.403462e-04
2.382000e+00    6.755588e-05
2.382500e+00    1.548056e-05
2.383000e+00    2.123822e-04
2.383500e+00    5.496704e-04
2.384000e+00    8.417176e-04
2.384500e+00    9.279483e-04
2.385000e+00    7.610563e-04
2.385500e+00    4.328864e-04
2.386000e+00    1.238204e-04
2.386500e+00    3.559388e-06
2.387000e+00    1.378759e-04
2.387500e+00    4.525740e-04
2.388000e+00    7.744039e-04
2.388500e+00    9.263708e-04
2.389000e+00    8.250054e-04
2.389500e+00    5.261413e-04
2.390000e+00    1.940924e-04
2.390500e+00    1.124652e-05
2.391000e+00    7.781592e-05
2.391500e+00    3.568471e-04
2.392000e+00    6.946639e-04
2.392500e+00    9.054361e-04
2.393000e+00    8.733344e-04
2.393500e+00    6.161159e-04
2.394000e+00    2.752354e-04
2.394500e+00    3.798688e-05
2.395000e+00    3.453051e-05
2.395500e+00    2.664179e-04
2.396000e+00    6.058643e-04
2.396500e+00    8.660985e-04
2.397000e+00    9.040618e-04
2.397500e+00    6.989850e-04
2.398000e+00    3.636844e-04
2.398500e+00    8.243462e-05
2.399000e+00    9.630207e-06
2.399500e+00    1.849647e-04
2.400000e+00    5.117261e-04
2.400500e+00    8.100756e-04
2.401000e+00    9.159594e-04
2.401500e+00    7.712513e-04
2.402000e+00    4.555975e-04
2.402500e+00    1.425151e-04
2.403000e+00    3.945839e-06
2.403500e+00    1.157637e-04
2.404000e+00    4.161672e-04
2.404500e+00    7.397719e-04
2.405000e+00    9.085969e-04
2.405500e+00    8.298891e-04
2.406000e+00    5.470183e-04
2.406500e+00    2.155168e-04
2.407000e+00    1.749965e-05
2.407500e+00    6.155557e-05
2.408000e+00    3.231369e-04
2.408500e+00    6.581726e-04
2.409000e+00    8.823549e-04
2.409500e+00    8.724664e-04
2.410000e+00    6.340418e-04
2.410500e+00    2.982089e-04
2.411000e+00    4.951020e-05
2.411500e+00    2.443513e-05
2.412000e+00    2.364517e-04
2.412500e+00    5.687156e-04
2.413000e+00    8.384024e-04
2.413500e+00    8.972427e-04
2.414000e+00    7.129765e-04
2.414500e+00    3.869797e-04
2.415000e+00    9.843064e-05
2.415500e+00    5.768302e-06
2.416000e+00    1.596360e-04
2.416500e+00    4.751441e-04
2.417000e+00    7.786429e-04
2.417500e+00    9.032360e-04
2.418000e+00    7.804972e-04
2.418500e+00    4.779904e-04
2.419000e+00    1.620186e-04
2.419500e+00    6.140239e-06
2.420000e+00    9.577816e-05
2.420500e+00    3.813488e-04
2.421000e+00    7.056295e-04
2.421500e+00    8.902592e-04
2.422000e+00    8.337811e-04
2.422500e+00    5.673362e-04
2.423000e+00    2.374345e-04
2.423500e+00    2.533622e-05
2.424000e+00    4.740343e-05
2.424500e+00    2.912041e-04
2.425000e+00    6.224541e-04
2.425500e+00    8.589220e-04
2.426000e+00    8.706222e-04
2.426500e+00    6.512100e-04
2.427000e+00    3.213642e-04
2.427500e+00    6.235596e-05
2.428000e+00    1.637299e-05
2.428500e+00    2.084065e-04
2.429000e+00    5.326144e-04
2.429500e+00    8.106001e-04
2.430000e+00    8.895194e-04
2.430500e+00    7.260611e-04
2.431000e+00    4.101604e-04
2.431500e+00    1.154606e-04
2.432000e+00    3.810321e-06
2.432500e+00    1.363216e-04
2.433000e+00    4.398654e-04
2.433500e+00    7.473731e-04
2.434000e+00    8.897343e-04
2.434500e+00    7.887410e-04
2.435000e+00    4.999971e-04
2.435500e+00    1.822500e-04
2.436000e+00    1.005902e-05
2.436500e+00    7.784496e-05
2.437000e+00    3.480605e-04
2.437500e+00    6.719325e-04
2.438000e+00    8.713174e-04
2.438500e+00    8.366331e-04
2.439000e+00    5.870309e-04
2.439500e+00    2.597673e-04
2.440000e+00    3.467341e-05
2.440500e+00    3.528478e-05
2.441000e+00    2.609902e-04
2.441500e+00    5.874656e-04
2.442000e+00    8.351008e-04
2.442500e+00    8.677583e-04
2.443000e+00    6.675612e-04
2.443500e+00    3.446261e-04
2.444000e+00    7.644212e-05
2.444500e+00    1.026864e-05
2.445000e+00    1.822237e-04
2.445500e+00    4.975191e-04
2.446000e+00    7.826585e-04
2.446500e+00    8.808537e-04
2.447000e+00    7.381844e-04
2.447500e+00    4.331544e-04
2.448000e+00    1.334433e-04
2.448500e+00    3.679768e-06
2.449000e+00    1.149610e-04
2.449500e+00    4.058486e-04
2.450000e+00    7.162361e-04
2.450500e+00    8.754212e-04
2.451000e+00    7.959341e-04
2.451500e+00    5.215498e-04
2.452000e+00    2.031295e-04
2.452500e+00    1.562452e-05
2.453000e+00    6.190185e-05
2.453500e+00    3.162604e-04
2.454000e+00    6.386529e-04
2.454500e+00    8.517434e-04
2.455000e+00    8.384026e-04
2.455500e+00    6.060395e-04
2.456000e+00    2.824374e-04
2.456500e+00    4.543251e-05
2.457000e+00    2.513491e-05
2.457500e+00    2.324519e-04
2.458000e+00    5.531805e-04
2.458500e+00    8.108678e-04
2.459000e+00    8.638385e-04
2.459500e+00    6.830379e-04
2.460000e+00    3.679194e-04
2.460500e+00    9.168919e-05
2.461000e+00    6.054529e-06
2.461500e+00    1.578572e-04
2.462000e+00    4.634034e-04
2.462500e+00    7.545578e-04
2.463000e+00    8.712158e-04
2.463500e+00    7.492953e-04
2.464000e+00    4.558901e-04
2.464500e+00    1.522992e-04
2.465000e+00    5.306124e-06
2.465500e+00    9.550550e-05
2.466000e+00    3.730670e-04
2.466500e+00    6.852154e-04
2.467000e+00    8.602730e-04
2.467500e+00    8.020321e-04
2.468000e+00    5.425812e-04
2.468500e+00    2.245779e-04
2.469000e+00    2.276334e-05
2.469500e+00    4.789607e-05
2.470000e+00    2.859200e-04
2.470500e+00    6.057765e-04
2.471000e+00    8.315196e-04
2.471500e+00    8.390525e-04
2.472000e+00    6.243003e-04
2.472500e+00    3.053669e-04
2.473000e+00    5.753758e-05
2.473500e+00    1.689674e-05
2.474000e+00    2.055577e-04
2.474500e+00    5.195859e-04
2.475000e+00    7.862107e-04
2.475500e+00    8.588332e-04
2.476000e+00    6.975849e-04
2.476500e+00    3.911689e-04
2.477000e+00    1.080193e-04
2.477500e+00    3.669023e-06
2.478000e+00    1.352720e-04
2.478500e+00    4.302543e-04
2.479000e+00    7.262904e-04
2.479500e+00    8.605836e-04
2.480000e+00    7.593458e-04
2.480500e+00    4.782960e-04
2.481000e+00    1.719492e-04
2.481500e+00    8.623191e-06
2.482000e+00    7.791497e-05
2.482500e+00    3.415058e-04
2.483000e+00    6.543066e-04
2.483500e+00    8.442750e-04
2.484000e+00    8.069950e-04
2.484500e+00    5.630248e-04
2.485000e+00    2.465162e-04
2.485500e+00    3.140500e-05
2.486000e+00    3.578222e-05
2.486500e+00    2.570217e-04
2.487000e+00    5.733012e-04
2.487500e+00    8.106379e-04
2.488000e+00    8.385510e-04
2.488500e+00    6.417529e-04
2.489000e+00    3.284781e-04
2.489500e+00    7.091441e-05
2.490000e+00    1.051900e-05
2.490500e+00    1.802861e-04
2.491000e+00    4.866803e-04
2.491500e+00    7.611274e-04
2.492000e+00    8.527192e-04
2.492500e+00    7.111488e-04
2.493000e+00    4.142994e-04
2.493500e+00    1.253554e-04
2.494000e+00    3.054778e-06
2.494500e+00    1.144411e-04
2.495000e+00    3.980693e-04
2.495500e+00    6.978589e-04
2.496000e+00    8.489424e-04
2.496500e+00    7.682908e-04
2.497000e+00    5.003010e-04
2.497500e+00    1.923145e-04
2.498000e+00    1.356773e-05
2.498500e+00    6.215645e-05
2.499000e+00    3.111604e-04
2.499500e+00    6.235159e-04
2.500000e+00    8.274205e-04
