0.000000e+00    4.205406e-02
7.000000e-03    4.205407e-02
1.400000e-02    4.205407e-02
2.100000e-02    4.205407e-02
2.800000e-02    4.205407e-02
3.500000e-02    4.205405e-02
4.200000e-02    4.205415e-02
4.900000e-02    4.205402e-02
5.600000e-02    4.205554e-02
6.300000e-02    4.205453e-02
7.000000e-02    4.205423e-02
7.700000e-02    4.205404e-02
8.400000e-02    4.205419e-02
9.100000e-02    4.205408e-02
9.800000e-02    4.205412e-02
1.050000e-01    4.205409e-02
1.120000e-01    4.205418e-02
1.190000e-01    4.205398e-02
1.260000e-01    4.205429e-02
1.330000e-01    4.205400e-02
1.400000e-01    4.205410e-02
1.470000e-01    4.205439e-02
1.540000e-01    4.205366e-02
1.610000e-01    4.205473e-02
1.680000e-01    4.205366e-02
1.750000e-01    4.205430e-02
1.820000e-01    4.205456e-02
1.890000e-01    4.205322e-02
1.960000e-01    4.205549e-02
2.030000e-01    4.205296e-02
2.100000e-01    4.205487e-02
2.170000e-01    4.205454e-02
2.240000e-01    4.205278e-02
2.310000e-01    4.205653e-02
2.380000e-01    4.205178e-02
2.450000e-01    4.205602e-02
2.520000e-01    4.205406e-02
2.590000e-01    4.205257e-02
2.660000e-01    4.205775e-02
2.730000e-01    4.205012e-02
2.800000e-01    4.205794e-02
2.870000e-01    4.205285e-02
2.940000e-01    4.205292e-02
3.010000e-01    4.205888e-02
3.080000e-01    4.204807e-02
3.150000e-01    4.206072e-02
3.220000e-01    4.205059e-02
3.290000e-01    4.205423e-02
3.360000e-01    4.205951e-02
3.430000e-01    4.204590e-02
3.500000e-01    4.206432e-02
3.570000e-01    4.204705e-02
3.640000e-01    4.205694e-02
3.710000e-01    4.205911e-02
3.780000e-01    4.204407e-02
3.850000e-01    4.206850e-02
3.920000e-01    4.204213e-02
3.990000e-01    4.206142e-02
4.060000e-01    4.205699e-02
4.130000e-01    4.204317e-02
4.200000e-01    4.207274e-02
4.270000e-01    4.203594e-02
4.340000e-01    4.206801e-02
4.410000e-01    4.205255e-02
4.480000e-01    4.204402e-02
4.550000e-01    4.207626e-02
4.620000e-01    4.202881e-02
4.690000e-01    4.207653e-02
4.760000e-01    4.204506e-02
4.830000e-01    4.204744e-02
4.900000e-01    4.207804e-02
4.970000e-01    4.202153e-02
5.040000e-01    4.208696e-02
5.110000e-01    4.203429e-02
5.180000e-01    4.205439e-02
5.250000e-01    4.207675e-02
5.320000e-01    4.201490e-02
5.390000e-01    4.209814e-02
5.460000e-01    4.201968e-02
5.530000e-01    4.206534e-02
5.600000e-01    4.207116e-02
5.670000e-01    4.201101e-02
5.740000e-01    4.210995e-02
5.810000e-01    4.200269e-02
5.880000e-01    4.208151e-02
5.950000e-01    4.205986e-02
6.020000e-01    4.201041e-02
6.090000e-01    4.211866e-02
6.160000e-01    4.198203e-02
6.230000e-01    4.210175e-02
6.300000e-01    4.204209e-02
6.370000e-01    4.201737e-02
6.440000e-01    4.212688e-02
6.510000e-01    4.196520e-02
6.580000e-01    4.213017e-02
6.650000e-01    4.201839e-02
6.720000e-01    4.203090e-02
6.790000e-01    4.212523e-02
6.860000e-01    4.194427e-02
6.930000e-01    4.215436e-02
7.000000e-01    4.198494e-02
7.070000e-01    4.206244e-02
7.140000e-01    4.213078e-02
7.210000e-01    4.194716e-02
7.280000e-01    4.219991e-02
7.350000e-01    4.195727e-02
7.420000e-01    4.210078e-02
7.490000e-01    4.209816e-02
7.560000e-01    4.192316e-02
7.630000e-01    4.223024e-02
7.700000e-01    4.193560e-02
7.770000e-01    4.217720e-02
7.840000e-01    4.211035e-02
7.910000e-01    4.198828e-02
7.980000e-01    4.228765e-02
8.050000e-01    4.191918e-02
8.120000e-01    4.219520e-02
8.190000e-01    4.207444e-02
8.260000e-01    4.204179e-02
8.330000e-01    4.234764e-02
8.400000e-01    4.191217e-02
8.470000e-01    4.238354e-02
8.540000e-01    4.208316e-02
8.610000e-01    4.215449e-02
8.680000e-01    4.241421e-02
8.750000e-01    4.195898e-02
8.820000e-01    4.254730e-02
8.890000e-01    4.210574e-02
8.960000e-01    4.234062e-02
9.030000e-01    4.252008e-02
9.100000e-01    4.208676e-02
9.170000e-01    4.278884e-02
9.240000e-01    4.220140e-02
9.310000e-01    4.265023e-02
9.380000e-01    4.270871e-02
9.450000e-01    4.235943e-02
9.520000e-01    4.316046e-02
9.590000e-01    4.244009e-02
9.660000e-01    4.315604e-02
9.730000e-01    4.305551e-02
9.800000e-01    4.287723e-02
9.870000e-01    4.375751e-02
9.940000e-01    4.294792e-02
1.001000e+00    4.399061e-02
1.008000e+00    4.370451e-02
1.015000e+00    4.380823e-02
1.022000e+00    4.473674e-02
1.029000e+00    4.390942e-02
1.036000e+00    4.533400e-02
1.043000e+00    4.485432e-02
1.050000e+00    4.538872e-02
1.057000e+00    4.635267e-02
1.064000e+00    4.565304e-02
1.071000e+00    4.754600e-02
1.078000e+00    4.691630e-02
1.085000e+00    4.806094e-02
1.092000e+00    4.902269e-02
1.099000e+00    4.859788e-02
1.106000e+00    5.098571e-02
1.113000e+00    5.025386e-02
1.120000e+00    5.223127e-02
1.127000e+00    5.324703e-02
1.134000e+00    5.346446e-02
1.141000e+00    5.656309e-02
1.148000e+00    5.598703e-02
1.155000e+00    5.908437e-02
1.162000e+00    6.009282e-02
1.169000e+00    6.108353e-02
1.176000e+00    6.468445e-02
1.183000e+00    6.421903e-02
1.190000e+00    6.862748e-02
1.197000e+00    6.986334e-02
1.204000e+00    7.250941e-02
1.211000e+00    7.733677e-02
1.218000e+00    7.797637e-02
1.225000e+00    8.443871e-02
1.232000e+00    8.580438e-02
1.239000e+00    8.964535e-02
1.246000e+00    9.424350e-02
1.253000e+00    9.472987e-02
1.260000e+00    1.022228e-01
1.267000e+00    1.036232e-01
1.274000e+00    1.109185e-01
1.281000e+00    1.187928e-01
1.288000e+00    1.236233e-01
1.295000e+00    1.351191e-01
1.302000e+00    1.369933e-01
1.309000e+00    1.451002e-01
1.316000e+00    1.481445e-01
1.323000e+00    1.475850e-01
1.330000e+00    1.561800e-01
1.337000e+00    1.580774e-01
1.344000e+00    1.740566e-01
1.351000e+00    1.845921e-01
1.358000e+00    1.966918e-01
1.365000e+00    2.185681e-01
1.372000e+00    2.225621e-01
1.379000e+00    2.300947e-01
1.386000e+00    2.237080e-01
1.393000e+00    2.222809e-01
1.400000e+00    2.232938e-01
1.407000e+00    2.081687e-01
1.414000e+00    2.210846e-01
1.421000e+00    2.447017e-01
1.428000e+00    2.900906e-01
1.435000e+00    3.189601e-01
1.442000e+00    3.281368e-01
1.449000e+00    3.746417e-01
1.456000e+00    3.360544e-01
1.463000e+00    2.431314e-01
1.470000e+00    1.665193e-01
1.477000e+00    1.524079e-01
1.484000e+00    2.128643e-01
1.491000e+00    2.492382e-01
1.498000e+00    3.160703e-01
1.505000e+00    5.098416e-01
1.512000e+00    6.292498e-01
1.519000e+00    3.696700e-01
1.526000e+00    9.963781e-02
1.533000e+00    8.592989e-02
1.540000e+00    6.170804e-02
1.547000e+00    3.379014e-02
1.554000e+00    1.385196e-01
1.561000e+00    0.000000e+00
1.568000e+00    1.000000e+00
1.575000e+00    3.517648e-01
1.582000e+00    9.668234e-02
1.589000e+00    1.785291e-02
1.596000e+00    9.845046e-02
1.603000e+00    1.582489e-02
1.610000e+00    6.473902e-02
1.617000e+00    4.690058e-02
1.624000e+00    3.262157e-02
1.631000e+00    6.483927e-02
1.638000e+00    2.594611e-02
1.645000e+00    5.713794e-02
1.652000e+00    4.079409e-02
1.659000e+00    3.849582e-02
1.666000e+00    5.557244e-02
1.673000e+00    3.014370e-02
1.680000e+00    5.459119e-02
1.687000e+00    3.820926e-02
1.694000e+00    4.177199e-02
1.701000e+00    5.069340e-02
1.708000e+00    3.282027e-02
1.715000e+00    5.306063e-02
1.722000e+00    3.679143e-02
1.729000e+00    4.399214e-02
1.736000e+00    4.738143e-02
1.743000e+00    3.494407e-02
1.750000e+00    5.179817e-02
1.757000e+00    3.599857e-02
1.764000e+00    4.561849e-02
1.771000e+00    4.483519e-02
1.778000e+00    3.682486e-02
1.785000e+00    5.057180e-02
1.792000e+00    3.564177e-02
1.799000e+00    4.682119e-02
1.806000e+00    4.276000e-02
1.813000e+00    3.857405e-02
1.820000e+00    4.929883e-02
1.827000e+00    3.563688e-02
1.834000e+00    4.766918e-02
1.841000e+00    4.103576e-02
1.848000e+00    4.022212e-02
1.855000e+00    4.795348e-02
1.862000e+00    3.593219e-02
1.869000e+00    4.819128e-02
1.876000e+00    3.961685e-02
1.883000e+00    4.176720e-02
1.890000e+00    4.654518e-02
1.897000e+00    3.649005e-02
1.904000e+00    4.840208e-02
1.911000e+00    3.848555e-02
1.918000e+00    4.318000e-02
1.925000e+00    4.509055e-02
1.932000e+00    3.726950e-02
1.939000e+00    4.831612e-02
1.946000e+00    3.764754e-02
1.953000e+00    4.443560e-02
1.960000e+00    4.363087e-02
1.967000e+00    3.822772e-02
1.974000e+00    4.794527e-02
1.981000e+00    3.708691e-02
1.988000e+00    4.548869e-02
1.995000e+00    4.220277e-02
2.002000e+00    3.931997e-02
2.009000e+00    4.731824e-02
2.016000e+00    3.682476e-02
2.023000e+00    4.632108e-02
2.030000e+00    4.085767e-02
2.037000e+00    4.048898e-02
2.044000e+00    4.644942e-02
2.051000e+00    3.682480e-02
2.058000e+00    4.687728e-02
2.065000e+00    3.962435e-02
2.072000e+00    4.168615e-02
2.079000e+00    4.541339e-02
2.086000e+00    3.712750e-02
2.093000e+00    4.719538e-02
