1.500000e+00    7.355167e-03
1.500500e+00    7.489995e-03
1.501000e+00    7.617272e-03
1.501500e+00    7.696134e-03
1.502000e+00    7.712450e-03
1.502500e+00    7.686717e-03
1.503000e+00    7.662919e-03
1.503500e+00    7.684390e-03
1.504000e+00    7.769934e-03
1.504500e+00    7.903362e-03
1.505000e+00    8.042259e-03
1.505500e+00    8.141246e-03
1.506000e+00    8.176970e-03
1.506500e+00    8.161066e-03
1.507000e+00    8.133894e-03
1.507500e+00    8.142425e-03
1.508000e+00    8.214386e-03
1.508500e+00    8.342900e-03
1.509000e+00    8.490127e-03
1.509500e+00    8.607976e-03
1.510000e+00    8.664566e-03
1.510500e+00    8.661852e-03
1.511000e+00    8.634700e-03
1.511500e+00    8.631808e-03
1.512000e+00    8.688937e-03
1.512500e+00    8.809143e-03
1.513000e+00    8.960953e-03
1.513500e+00    9.095558e-03
1.514000e+00    9.173626e-03
1.514500e+00    9.187013e-03
1.515000e+00    9.163387e-03
1.515500e+00    9.151127e-03
1.516000e+00    9.192756e-03
1.516500e+00    9.301481e-03
1.517000e+00    9.453784e-03
1.517500e+00    9.602221e-03
1.518000e+00    9.701455e-03
1.518500e+00    9.733245e-03
1.519000e+00    9.716609e-03
1.519500e+00    9.697502e-03
1.520000e+00    9.723609e-03
1.520500e+00    9.818072e-03
1.521000e+00    9.966627e-03
1.521500e+00    1.012530e-02
1.522000e+00    1.024451e-02
1.522500e+00    1.029634e-02
1.523000e+00    1.029004e-02
1.523500e+00    1.026708e-02
1.524000e+00    1.027841e-02
1.524500e+00    1.035646e-02
1.525000e+00    1.049718e-02
1.525500e+00    1.066208e-02
1.526000e+00    1.079933e-02
1.526500e+00    1.087223e-02
1.527000e+00    1.087951e-02
1.527500e+00    1.085618e-02
1.528000e+00    1.085439e-02
1.528500e+00    1.091479e-02
1.529000e+00    1.104405e-02
1.529500e+00    1.121105e-02
1.530000e+00    1.136387e-02
1.530500e+00    1.145831e-02
1.531000e+00    1.148226e-02
1.531500e+00    1.146254e-02
1.532000e+00    1.145026e-02
1.532500e+00    1.149283e-02
1.533000e+00    1.160773e-02
1.533500e+00    1.177282e-02
1.534000e+00    1.193836e-02
1.534500e+00    1.205425e-02
1.535000e+00    1.209770e-02
1.535500e+00    1.208587e-02
1.536000e+00    1.206662e-02
1.536500e+00    1.209225e-02
1.537000e+00    1.219073e-02
1.537500e+00    1.235016e-02
1.538000e+00    1.252517e-02
1.538500e+00    1.266177e-02
1.539000e+00    1.272708e-02
1.539500e+00    1.272752e-02
1.540000e+00    1.270547e-02
1.540500e+00    1.271608e-02
1.541000e+00    1.279693e-02
1.541500e+00    1.294724e-02
1.542000e+00    1.312818e-02
1.542500e+00    1.328404e-02
1.543000e+00    1.337289e-02
1.543500e+00    1.338977e-02
1.544000e+00    1.336955e-02
1.544500e+00    1.336793e-02
1.545000e+00    1.343082e-02
1.545500e+00    1.356903e-02
1.546000e+00    1.375214e-02
1.546500e+00    1.392508e-02
1.547000e+00    1.403840e-02
1.547500e+00    1.407552e-02
1.548000e+00    1.406205e-02
1.548500e+00    1.405184e-02
1.549000e+00    1.409744e-02
1.549500e+00    1.422120e-02
1.550000e+00    1.440272e-02
1.550500e+00    1.459003e-02
1.551000e+00    1.472798e-02
1.551500e+00    1.478871e-02
1.552000e+00    1.478709e-02
1.552500e+00    1.477274e-02
1.553000e+00    1.480283e-02
1.553500e+00    1.491065e-02
1.554000e+00    1.508715e-02
1.554500e+00    1.528575e-02
1.555000e+00    1.544783e-02
1.555500e+00    1.553503e-02
1.556000e+00    1.555045e-02
1.556500e+00    1.553716e-02
1.557000e+00    1.555466e-02
1.557500e+00    1.564616e-02
1.558000e+00    1.581472e-02
1.558500e+00    1.602139e-02
1.559000e+00    1.620649e-02
1.559500e+00    1.632243e-02
1.560000e+00    1.635999e-02
1.560500e+00    1.635359e-02
1.561000e+00    1.636254e-02
1.561500e+00    1.643845e-02
1.562000e+00    1.659682e-02
1.562500e+00    1.680830e-02
1.563000e+00    1.701469e-02
1.563500e+00    1.716088e-02
1.564000e+00    1.722527e-02
1.564500e+00    1.723182e-02
1.565000e+00    1.723706e-02
1.565500e+00    1.729911e-02
1.566000e+00    1.744564e-02
1.566500e+00    1.765853e-02
1.567000e+00    1.788363e-02
1.567500e+00    1.806044e-02
1.568000e+00    1.815544e-02
1.568500e+00    1.818069e-02
1.569000e+00    1.818739e-02
1.569500e+00    1.823784e-02
1.570000e+00    1.837119e-02
1.570500e+00    1.858172e-02
1.571000e+00    1.882182e-02
1.571500e+00    1.902801e-02
1.572000e+00    1.915587e-02
1.572500e+00    1.920457e-02
1.573000e+00    1.921758e-02
1.573500e+00    1.925884e-02
1.574000e+00    1.937767e-02
1.574500e+00    1.958150e-02
1.575000e+00    1.983154e-02
1.575500e+00    2.006400e-02
1.576000e+00    2.022504e-02
1.576500e+00    2.030056e-02
1.577000e+00    2.032407e-02
1.577500e+00    2.035848e-02
1.578000e+00    2.046153e-02
1.578500e+00    2.065394e-02
1.579000e+00    2.090782e-02
1.579500e+00    2.116177e-02
1.580000e+00    2.135459e-02
1.580500e+00    2.145896e-02
1.581000e+00    2.149668e-02
1.581500e+00    2.152682e-02
1.582000e+00    2.161339e-02
1.582500e+00    2.179004e-02
1.583000e+00    2.204135e-02
1.583500e+00    2.231112e-02
1.584000e+00    2.253315e-02
1.584500e+00    2.266761e-02
1.585000e+00    2.272319e-02
1.585500e+00    2.275245e-02
1.586000e+00    2.282310e-02
1.586500e+00    2.298075e-02
1.587000e+00    2.322363e-02
1.587500e+00    2.350336e-02
1.588000e+00    2.375140e-02
1.588500e+00    2.391670e-02
1.589000e+00    2.399391e-02
1.589500e+00    2.402657e-02
1.590000e+00    2.408330e-02
1.590500e+00    2.422011e-02
1.591000e+00    2.444947e-02
1.591500e+00    2.473322e-02
1.592000e+00    2.500334e-02
1.592500e+00    2.519931e-02
1.593000e+00    2.530147e-02
1.593500e+00    2.534205e-02
1.594000e+00    2.538762e-02
1.594500e+00    2.550258e-02
1.595000e+00    2.571360e-02
1.595500e+00    2.599477e-02
1.596000e+00    2.628157e-02
1.596500e+00    2.650625e-02
1.597000e+00    2.663512e-02
1.597500e+00    2.668726e-02
1.598000e+00    2.672424e-02
1.598500e+00    2.681635e-02
1.599000e+00    2.700387e-02
1.599500e+00    2.727472e-02
1.600000e+00    2.757083e-02
1.600500e+00    2.781987e-02
1.601000e+00    2.797507e-02
1.601500e+00    2.804104e-02
1.602000e+00    2.807147e-02
1.602500e+00    2.813974e-02
1.603000e+00    2.829855e-02
1.603500e+00    2.855073e-02
1.604000e+00    2.884743e-02
1.604500e+00    2.911478e-02
1.605000e+00    2.929443e-02
1.605500e+00    2.937580e-02
1.606000e+00    2.940208e-02
1.606500e+00    2.944671e-02
1.607000e+00    2.957303e-02
1.607500e+00    2.979927e-02
1.608000e+00    3.008833e-02
1.608500e+00    3.036792e-02
1.609000e+00    3.057025e-02
1.609500e+00    3.066940e-02
1.610000e+00    3.069583e-02
1.610500e+00    3.071988e-02
1.611000e+00    3.081316e-02
1.611500e+00    3.100917e-02
1.612000e+00    3.128462e-02
1.612500e+00    3.157203e-02
1.613000e+00    3.179672e-02
1.613500e+00    3.191797e-02
1.614000e+00    3.195168e-02
1.614500e+00    3.196187e-02
1.615000e+00    3.202570e-02
1.615500e+00    3.219102e-02
1.616000e+00    3.244993e-02
1.616500e+00    3.274284e-02
1.617000e+00    3.299116e-02
1.617500e+00    3.314054e-02
1.618000e+00    3.319098e-02
1.618500e+00    3.319718e-02
1.619000e+00    3.323867e-02
1.619500e+00    3.337616e-02
1.620000e+00    3.361803e-02
1.620500e+00    3.391548e-02
1.621000e+00    3.418925e-02
1.621500e+00    3.437312e-02
1.622000e+00    3.445059e-02
1.622500e+00    3.446424e-02
1.623000e+00    3.449257e-02
1.623500e+00    3.460702e-02
1.624000e+00    3.483252e-02
1.624500e+00    3.513363e-02
1.625000e+00    3.543377e-02
1.625500e+00    3.565727e-02
1.626000e+00    3.577115e-02
1.626500e+00    3.580350e-02
1.627000e+00    3.582837e-02
1.627500e+00    3.592522e-02
1.628000e+00    3.613515e-02
1.628500e+00    3.643811e-02
1.629000e+00    3.676366e-02
1.629500e+00    3.702958e-02
1.630000e+00    3.718715e-02
1.630500e+00    3.724822e-02
1.631000e+00    3.727897e-02
1.631500e+00    3.736377e-02
1.632000e+00    3.755875e-02
1.632500e+00    3.786079e-02
1.633000e+00    3.820892e-02
1.633500e+00    3.851767e-02
1.634000e+00    3.872412e-02
1.634500e+00    3.882267e-02
1.635000e+00    3.886848e-02
1.635500e+00    3.894739e-02
1.636000e+00    3.912877e-02
1.636500e+00    3.942727e-02
1.637000e+00    3.979446e-02
1.637500e+00    4.014526e-02
1.638000e+00    4.040467e-02
1.638500e+00    4.054924e-02
1.639000e+00    4.062025e-02
1.639500e+00    4.070138e-02
1.640000e+00    4.087279e-02
1.640500e+00    4.116701e-02
1.641000e+00    4.155080e-02
1.641500e+00    4.194317e-02
1.642000e+00    4.225986e-02
1.642500e+00    4.245980e-02
1.643000e+00    4.256806e-02
1.643500e+00    4.266239e-02
1.644000e+00    4.283072e-02
1.644500e+00    4.312278e-02
1.645000e+00    4.352256e-02
1.645500e+00    4.395684e-02
1.646000e+00    4.433531e-02
1.646500e+00    4.460033e-02
1.647000e+00    4.475890e-02
1.647500e+00    4.487919e-02
1.648000e+00    4.505332e-02
1.648500e+00    4.534672e-02
1.649000e+00    4.576196e-02
1.649500e+00    4.623700e-02
1.650000e+00    4.667909e-02
1.650500e+00    4.701572e-02
1.651000e+00    4.723467e-02
1.651500e+00    4.739107e-02
1.652000e+00    4.757728e-02
1.652500e+00    4.787216e-02
1.653000e+00    4.829744e-02
1.653500e+00    4.880536e-02
1.654000e+00    4.930456e-02
1.654500e+00    4.971009e-02
1.655000e+00    4.999017e-02
1.655500e+00    5.018385e-02
1.656000e+00    5.037971e-02
1.656500e+00    5.066712e-02
1.657000e+00    5.108683e-02
1.657500e+00    5.160805e-02
1.658000e+00    5.214485e-02
1.658500e+00    5.260305e-02
1.659000e+00    5.293188e-02
1.659500e+00    5.315201e-02
1.660000e+00    5.334430e-02
1.660500e+00    5.360532e-02
1.661000e+00    5.399401e-02
1.661500e+00    5.449874e-02
1.662000e+00    5.504316e-02
1.662500e+00    5.552772e-02
1.663000e+00    5.588425e-02
1.663500e+00    5.611352e-02
1.664000e+00    5.628500e-02
1.664500e+00    5.649878e-02
1.665000e+00    5.683039e-02
1.665500e+00    5.728893e-02
1.666000e+00    5.781153e-02
1.666500e+00    5.829756e-02
1.667000e+00    5.866380e-02
1.667500e+00    5.889037e-02
1.668000e+00    5.903196e-02
1.668500e+00    5.918807e-02
1.669000e+00    5.944837e-02
1.669500e+00    5.984322e-02
1.670000e+00    6.032660e-02
1.670500e+00    6.080114e-02
1.671000e+00    6.117150e-02
1.671500e+00    6.139706e-02
1.672000e+00    6.151460e-02
1.672500e+00    6.161856e-02
1.673000e+00    6.180935e-02
1.673500e+00    6.213803e-02
1.674000e+00    6.257806e-02
1.674500e+00    6.303946e-02
1.675000e+00    6.341821e-02
1.675500e+00    6.365356e-02
1.676000e+00    6.376177e-02
1.676500e+00    6.382766e-02
1.677000e+00    6.395822e-02
1.677500e+00    6.422376e-02
1.678000e+00    6.461894e-02
1.678500e+00    6.506529e-02
1.679000e+00    6.545405e-02
1.679500e+00    6.570590e-02
1.680000e+00    6.581482e-02
1.680500e+00    6.585176e-02
1.681000e+00    6.592585e-02
1.681500e+00    6.612435e-02
1.682000e+00    6.646434e-02
1.682500e+00    6.688279e-02
1.683000e+00    6.727074e-02
1.683500e+00    6.753300e-02
1.684000e+00    6.764064e-02
1.684500e+00    6.764713e-02
1.685000e+00    6.765924e-02
1.685500e+00    6.777840e-02
1.686000e+00    6.804456e-02
1.686500e+00    6.841383e-02
1.687000e+00    6.878206e-02
1.687500e+00    6.904191e-02
1.688000e+00    6.914199e-02
1.688500e+00    6.911550e-02
1.689000e+00    6.906239e-02
1.689500e+00    6.909473e-02
1.690000e+00    6.927500e-02
1.690500e+00    6.958148e-02
1.691000e+00    6.991987e-02
1.691500e+00    7.017503e-02
1.692000e+00    7.027454e-02
1.692500e+00    7.022907e-02
1.693000e+00    7.012727e-02
1.693500e+00    7.008756e-02
1.694000e+00    7.019332e-02
1.694500e+00    7.044705e-02
1.695000e+00    7.076886e-02
1.695500e+00    7.104040e-02
1.696000e+00    7.117031e-02
1.696500e+00    7.114513e-02
1.697000e+00    7.103760e-02
1.697500e+00    7.096747e-02
1.698000e+00    7.103615e-02
1.698500e+00    7.127113e-02
1.699000e+00    7.161084e-02
1.699500e+00    7.193848e-02
1.700000e+00    7.214655e-02
1.700500e+00    7.219660e-02
1.701000e+00    7.214129e-02
1.701500e+00    7.209624e-02
1.702000e+00    7.217708e-02
1.702500e+00    7.243603e-02
1.703000e+00    7.283317e-02
1.703500e+00    7.325819e-02
1.704000e+00    7.359121e-02
1.704500e+00    7.376912e-02
1.705000e+00    7.382106e-02
1.705500e+00    7.385317e-02
1.706000e+00    7.399079e-02
1.706500e+00    7.430973e-02
1.707000e+00    7.479437e-02
1.707500e+00    7.534597e-02
1.708000e+00    7.583678e-02
1.708500e+00    7.618049e-02
1.709000e+00    7.638021e-02
1.709500e+00    7.652737e-02
1.710000e+00    7.675190e-02
1.710500e+00    7.715082e-02
1.711000e+00    7.773454e-02
1.711500e+00    7.842051e-02
1.712000e+00    7.907811e-02
1.712500e+00    7.960021e-02
1.713000e+00    7.996223e-02
1.713500e+00    8.023592e-02
1.714000e+00    8.055009e-02
1.714500e+00    8.101959e-02
1.715000e+00    8.168144e-02
1.715500e+00    8.247357e-02
1.716000e+00    8.326791e-02
1.716500e+00    8.394013e-02
1.717000e+00    8.443768e-02
1.717500e+00    8.480862e-02
1.718000e+00    8.517520e-02
1.718500e+00    8.566620e-02
1.719000e+00    8.634544e-02
1.719500e+00    8.717552e-02
1.720000e+00    8.803727e-02
1.720500e+00    8.879443e-02
1.721000e+00    8.936818e-02
1.721500e+00    8.978051e-02
1.722000e+00    9.014229e-02
1.722500e+00    9.059238e-02
1.723000e+00    9.122090e-02
1.723500e+00    9.201907e-02
1.724000e+00    9.288328e-02
1.724500e+00    9.367163e-02
1.725000e+00    9.428205e-02
1.725500e+00    9.470892e-02
1.726000e+00    9.504707e-02
1.726500e+00    9.544037e-02
1.727000e+00    9.600306e-02
1.727500e+00    9.675703e-02
1.728000e+00    9.761959e-02
1.728500e+00    9.844897e-02
1.729000e+00    9.912273e-02
1.729500e+00    9.960593e-02
1.730000e+00    9.997158e-02
1.730500e+00    1.003616e-01
1.731000e+00    1.009095e-01
1.731500e+00    1.016672e-01
1.732000e+00    1.025762e-01
1.732500e+00    1.034995e-01
1.733000e+00    1.042971e-01
1.733500e+00    1.049030e-01
1.734000e+00    1.053624e-01
1.734500e+00    1.058074e-01
1.735000e+00    1.063842e-01
1.735500e+00    1.071725e-01
1.736000e+00    1.081405e-01
1.736500e+00    1.091611e-01
1.737000e+00    1.100804e-01
1.737500e+00    1.108021e-01
1.738000e+00    1.113391e-01
1.738500e+00    1.118069e-01
1.739000e+00    1.123586e-01
1.739500e+00    1.130997e-01
1.740000e+00    1.140279e-01
1.740500e+00    1.150324e-01
1.741000e+00    1.159528e-01
1.741500e+00    1.166654e-01
1.742000e+00    1.171502e-01
1.742500e+00    1.175012e-01
1.743000e+00    1.178738e-01
1.743500e+00    1.183976e-01
1.744000e+00    1.191037e-01
1.744500e+00    1.199056e-01
1.745000e+00    1.206445e-01
1.745500e+00    1.211757e-01
1.746000e+00    1.214476e-01
1.746500e+00    1.215296e-01
1.747000e+00    1.215747e-01
1.747500e+00    1.217344e-01
1.748000e+00    1.220756e-01
1.748500e+00    1.225426e-01
1.749000e+00    1.229874e-01
1.749500e+00    1.232508e-01
1.750000e+00    1.232509e-01
1.750500e+00    1.230294e-01
1.751000e+00    1.227305e-01
1.751500e+00    1.225227e-01
1.752000e+00    1.225077e-01
1.752500e+00    1.226648e-01
1.753000e+00    1.228629e-01
1.753500e+00    1.229340e-01
1.754000e+00    1.227667e-01
1.754500e+00    1.223701e-01
1.755000e+00    1.218711e-01
1.755500e+00    1.214470e-01
1.756000e+00    1.212296e-01
1.756500e+00    1.212337e-01
1.757000e+00    1.213500e-01
1.757500e+00    1.214054e-01
1.758000e+00    1.212600e-01
1.758500e+00    1.208854e-01
1.759000e+00    1.203823e-01
1.759500e+00    1.199268e-01
1.760000e+00    1.196745e-01
1.760500e+00    1.196753e-01
1.761000e+00    1.198451e-01
1.761500e+00    1.200121e-01
1.762000e+00    1.200104e-01
1.762500e+00    1.197722e-01
1.763000e+00    1.193652e-01
1.763500e+00    1.189562e-01
1.764000e+00    1.187191e-01
1.764500e+00    1.187386e-01
1.765000e+00    1.189620e-01
1.765500e+00    1.192269e-01
1.766000e+00    1.193488e-01
1.766500e+00    1.192225e-01
1.767000e+00    1.188795e-01
1.767500e+00    1.184714e-01
1.768000e+00    1.181858e-01
1.768500e+00    1.181430e-01
1.769000e+00    1.183282e-01
1.769500e+00    1.185980e-01
1.770000e+00    1.187588e-01
1.770500e+00    1.186721e-01
1.771000e+00    1.183320e-01
1.771500e+00    1.178684e-01
1.772000e+00    1.174769e-01
1.772500e+00    1.173112e-01
1.773000e+00    1.173977e-01
1.773500e+00    1.176203e-01
1.774000e+00    1.177838e-01
1.774500e+00    1.177206e-01
1.775000e+00    1.173840e-01
1.775500e+00    1.168748e-01
1.776000e+00    1.163873e-01
1.776500e+00    1.161025e-01
1.777000e+00    1.160885e-01
1.777500e+00    1.162621e-01
1.778000e+00    1.164340e-01
1.778500e+00    1.164124e-01
1.779000e+00    1.161094e-01
1.779500e+00    1.155906e-01
1.780000e+00    1.150409e-01
1.780500e+00    1.146637e-01
1.781000e+00    1.145702e-01
1.781500e+00    1.147183e-01
1.782000e+00    1.149359e-01
1.782500e+00    1.150170e-01
1.783000e+00    1.148372e-01
1.783500e+00    1.144251e-01
1.784000e+00    1.139506e-01
1.784500e+00    1.136353e-01
1.785000e+00    1.136338e-01
1.785500e+00    1.139513e-01
1.786000e+00    1.144432e-01
1.786500e+00    1.148976e-01
1.787000e+00    1.151558e-01
1.787500e+00    1.152038e-01
1.788000e+00    1.151854e-01
1.788500e+00    1.153275e-01
1.789000e+00    1.158190e-01
1.789500e+00    1.167093e-01
1.790000e+00    1.178825e-01
1.790500e+00    1.191224e-01
1.791000e+00    1.202327e-01
1.791500e+00    1.211470e-01
1.792000e+00    1.219666e-01
1.792500e+00    1.229066e-01
1.793000e+00    1.241768e-01
1.793500e+00    1.258653e-01
1.794000e+00    1.278863e-01
1.794500e+00    1.300243e-01
1.795000e+00    1.320483e-01
1.795500e+00    1.338364e-01
1.796000e+00    1.354394e-01
1.796500e+00    1.370505e-01
1.797000e+00    1.388945e-01
1.797500e+00    1.410992e-01
1.798000e+00    1.436185e-01
1.798500e+00    1.462511e-01
1.799000e+00    1.487446e-01
1.799500e+00    1.509285e-01
1.800000e+00    1.528035e-01
1.800500e+00    1.545366e-01
1.801000e+00    1.563646e-01
1.801500e+00    1.584584e-01
1.802000e+00    1.608224e-01
1.802500e+00    1.632852e-01
1.803000e+00    1.655879e-01
1.803500e+00    1.675211e-01
1.804000e+00    1.690370e-01
1.804500e+00    1.702727e-01
1.805000e+00    1.714726e-01
1.805500e+00    1.728517e-01
1.806000e+00    1.744736e-01
1.806500e+00    1.762129e-01
1.807000e+00    1.778213e-01
1.807500e+00    1.790636e-01
1.808000e+00    1.798484e-01
1.808500e+00    1.802816e-01
1.809000e+00    1.806117e-01
1.809500e+00    1.810977e-01
1.810000e+00    1.818698e-01
1.810500e+00    1.828621e-01
1.811000e+00    1.838525e-01
1.811500e+00    1.845908e-01
1.812000e+00    1.849434e-01
1.812500e+00    1.849760e-01
1.813000e+00    1.849267e-01
1.813500e+00    1.850838e-01
1.814000e+00    1.856349e-01
1.814500e+00    1.865697e-01
1.815000e+00    1.876904e-01
1.815500e+00    1.887261e-01
1.816000e+00    1.894863e-01
1.816500e+00    1.899717e-01
1.817000e+00    1.903783e-01
1.817500e+00    1.909929e-01
1.818000e+00    1.920357e-01
1.818500e+00    1.935368e-01
1.819000e+00    1.953146e-01
1.819500e+00    1.970703e-01
1.820000e+00    1.985453e-01
1.820500e+00    1.996574e-01
1.821000e+00    2.005389e-01
1.821500e+00    2.014553e-01
1.822000e+00    2.026490e-01
1.822500e+00    2.041925e-01
1.823000e+00    2.059341e-01
1.823500e+00    2.075654e-01
1.824000e+00    2.087767e-01
1.824500e+00    2.094140e-01
1.825000e+00    2.095518e-01
1.825500e+00    2.094408e-01
1.826000e+00    2.093581e-01
1.826500e+00    2.094428e-01
1.827000e+00    2.096063e-01
1.827500e+00    2.095696e-01
1.828000e+00    2.090072e-01
1.828500e+00    2.077196e-01
1.829000e+00    2.057402e-01
1.829500e+00    2.033153e-01
1.830000e+00    2.007692e-01
1.830500e+00    1.983260e-01
1.831000e+00    1.959866e-01
1.831500e+00    1.935300e-01
1.832000e+00    1.906389e-01
1.832500e+00    1.870812e-01
1.833000e+00    1.828477e-01
1.833500e+00    1.781704e-01
1.834000e+00    1.734075e-01
1.834500e+00    1.688594e-01
1.835000e+00    1.646156e-01
1.835500e+00    1.605165e-01
1.836000e+00    1.562540e-01
1.836500e+00    1.515546e-01
1.837000e+00    1.463467e-01
1.837500e+00    1.408171e-01
1.838000e+00    1.353257e-01
1.838500e+00    1.302237e-01
1.839000e+00    1.256735e-01
1.839500e+00    1.215712e-01
1.840000e+00    1.176148e-01
1.840500e+00    1.134819e-01
1.841000e+00    1.090204e-01
1.841500e+00    1.043461e-01
1.842000e+00    9.979309e-02
1.842500e+00    9.574121e-02
1.843000e+00    9.241641e-02
1.843500e+00    8.977238e-02
1.844000e+00    8.752062e-02
1.844500e+00    8.529385e-02
1.845000e+00    8.285371e-02
1.845500e+00    8.022855e-02
1.846000e+00    7.770421e-02
1.846500e+00    7.567104e-02
1.847000e+00    7.441018e-02
1.847500e+00    7.393640e-02
1.848000e+00    7.398518e-02
1.848500e+00    7.415286e-02
1.849000e+00    7.411422e-02
1.849500e+00    7.379816e-02
1.850000e+00    7.342395e-02
1.850500e+00    7.337635e-02
1.851000e+00    7.398704e-02
1.851500e+00    7.534216e-02
1.852000e+00    7.722298e-02
1.852500e+00    7.921445e-02
1.853000e+00    8.092388e-02
1.853500e+00    8.219033e-02
1.854000e+00    8.316918e-02
1.854500e+00    8.424355e-02
1.855000e+00    8.580971e-02
1.855500e+00    8.805364e-02
1.856000e+00    9.084240e-02
1.856500e+00    9.379180e-02
1.857000e+00    9.647512e-02
1.857500e+00    9.865917e-02
1.858000e+00    1.004371e-01
1.858500e+00    1.021829e-01
1.859000e+00    1.043500e-01
1.859500e+00    1.072232e-01
1.860000e+00    1.107596e-01
1.860500e+00    1.146083e-01
1.861000e+00    1.182986e-01
1.861500e+00    1.214961e-01
1.862000e+00    1.241838e-01
1.862500e+00    1.266686e-01
1.863000e+00    1.294057e-01
1.863500e+00    1.327362e-01
1.864000e+00    1.366831e-01
1.864500e+00    1.409178e-01
1.865000e+00    1.449204e-01
1.865500e+00    1.482477e-01
1.866000e+00    1.507628e-01
1.866500e+00    1.526996e-01
1.867000e+00    1.545249e-01
1.867500e+00    1.566733e-01
1.868000e+00    1.592993e-01
1.868500e+00    1.621861e-01
1.869000e+00    1.648645e-01
1.869500e+00    1.668788e-01
1.870000e+00    1.680566e-01
1.870500e+00    1.686310e-01
1.871000e+00    1.691479e-01
1.871500e+00    1.702040e-01
1.872000e+00    1.721581e-01
1.872500e+00    1.749749e-01
1.873000e+00    1.782878e-01
1.873500e+00    1.816479e-01
1.874000e+00    1.848236e-01
1.874500e+00    1.879821e-01
1.875000e+00    1.916509e-01
1.875500e+00    1.964725e-01
1.876000e+00    2.028856e-01
1.876500e+00    2.109044e-01
1.877000e+00    2.201202e-01
1.877500e+00    2.299243e-01
1.878000e+00    2.398330e-01
1.878500e+00    2.497348e-01
1.879000e+00    2.599207e-01
1.879500e+00    2.708775e-01
1.880000e+00    2.829553e-01
1.880500e+00    2.960919e-01
1.881000e+00    3.097495e-01
1.881500e+00    3.231037e-01
1.882000e+00    3.353872e-01
1.882500e+00    3.462021e-01
1.883000e+00    3.556306e-01
1.883500e+00    3.640814e-01
1.884000e+00    3.719565e-01
1.884500e+00    3.793210e-01
1.885000e+00    3.857644e-01
1.885500e+00    3.905347e-01
1.886000e+00    3.928787e-01
1.886500e+00    3.924063e-01
1.887000e+00    3.892771e-01
1.887500e+00    3.841048e-01
1.888000e+00    3.776272e-01
1.888500e+00    3.703192e-01
1.889000e+00    3.621634e-01
1.889500e+00    3.527057e-01
1.890000e+00    3.413697e-01
1.890500e+00    3.278584e-01
1.891000e+00    3.124188e-01
1.891500e+00    2.958181e-01
1.892000e+00    2.790352e-01
1.892500e+00    2.628308e-01
1.893000e+00    2.474300e-01
1.893500e+00    2.324919e-01
1.894000e+00    2.173890e-01
1.894500e+00    2.016434e-01
1.895000e+00    1.852818e-01
1.895500e+00    1.689070e-01
1.896000e+00    1.534407e-01
1.896500e+00    1.396724e-01
1.897000e+00    1.278603e-01
1.897500e+00    1.176087e-01
1.898000e+00    1.080943e-01
1.898500e+00    9.852707e-02
1.899000e+00    8.859386e-02
1.899500e+00    7.863934e-02
1.900000e+00    6.947920e-02
1.900500e+00    6.194139e-02
1.901000e+00    5.638529e-02
1.901500e+00    5.246673e-02
1.902000e+00    4.928650e-02
1.902500e+00    4.584988e-02
1.903000e+00    4.159035e-02
1.903500e+00    3.666817e-02
1.904000e+00    3.187275e-02
1.904500e+00    2.817334e-02
1.905000e+00    2.615924e-02
1.905500e+00    2.567859e-02
1.906000e+00    2.588191e-02
1.906500e+00    2.565741e-02
1.907000e+00    2.422602e-02
1.907500e+00    2.156940e-02
1.908000e+00    1.844772e-02
1.908500e+00    1.598570e-02
1.909000e+00    1.504502e-02
1.909500e+00    1.572658e-02
1.910000e+00    1.728357e-02
1.910500e+00    1.850582e-02
1.911000e+00    1.837527e-02
1.911500e+00    1.663527e-02
1.912000e+00    1.395335e-02
1.912500e+00    1.157409e-02
1.913000e+00    1.063914e-02
1.913500e+00    1.154327e-02
1.914000e+00    1.368663e-02
1.914500e+00    1.577480e-02
1.915000e+00    1.651738e-02
1.915500e+00    1.534877e-02
1.916000e+00    1.276919e-02
1.916500e+00    1.010214e-02
1.917000e+00    8.782710e-03
1.917500e+00    9.557432e-03
1.918000e+00    1.203958e-02
1.918500e+00    1.488207e-02
1.919000e+00    1.649492e-02
1.919500e+00    1.592725e-02
1.920000e+00    1.342677e-02
1.920500e+00    1.035054e-02
1.921000e+00    8.450031e-03
1.921500e+00    8.904609e-03
1.922000e+00    1.163408e-02
1.922500e+00    1.528782e-02
1.923000e+00    1.794697e-02
1.923500e+00    1.817855e-02
1.924000e+00    1.586652e-02
1.924500e+00    1.234275e-02
1.925000e+00    9.710181e-03
1.925500e+00    9.697692e-03
1.926000e+00    1.266638e-02
1.926500e+00    1.733377e-02
1.927000e+00    2.140982e-02
1.927500e+00    2.283747e-02
1.928000e+00    2.097358e-02
1.928500e+00    1.704186e-02
1.929000e+00    1.355864e-02
1.929500e+00    1.299197e-02
1.930000e+00    1.636187e-02
1.930500e+00    2.256811e-02
1.931000e+00    2.887517e-02
1.931500e+00    3.236148e-02
1.932000e+00    3.158364e-02
1.932500e+00    2.752993e-02
1.933000e+00    2.326772e-02
1.933500e+00    2.237912e-02
1.934000e+00    2.697103e-02
1.934500e+00    3.635325e-02
1.935000e+00    4.719969e-02
1.935500e+00    5.524615e-02
1.936000e+00    5.771619e-02
1.936500e+00    5.517288e-02
1.937000e+00    5.167892e-02
1.937500e+00    5.297734e-02
1.938000e+00    6.349107e-02
1.938500e+00    8.371330e-02
1.939000e+00    1.095640e-01
1.939500e+00    1.344259e-01
1.940000e+00    1.532022e-01
1.940500e+00    1.665155e-01
1.941000e+00    1.827590e-01
1.941500e+00    2.164174e-01
1.942000e+00    2.826838e-01
1.942500e+00    3.902185e-01
1.943000e+00    5.350629e-01
1.943500e+00    6.986162e-01
1.944000e+00    8.511404e-01
1.944500e+00    9.600277e-01
1.945000e+00    1.000000e+00
1.945500e+00    9.614384e-01
1.946000e+00    8.536276e-01
1.946500e+00    7.016423e-01
1.947000e+00    5.380883e-01
1.947500e+00    3.928814e-01
1.948000e+00    2.848813e-01
1.948500e+00    2.182630e-01
1.949000e+00    1.844509e-01
1.949500e+00    1.681918e-01
1.950000e+00    1.548575e-01
1.950500e+00    1.359246e-01
1.951000e+00    1.107330e-01
1.951500e+00    8.445403e-02
1.952000e+00    6.384427e-02
1.952500e+00    5.310566e-02
1.953000e+00    5.177852e-02
1.953500e+00    5.536597e-02
1.954000e+00    5.798600e-02
1.954500e+00    5.545052e-02
1.955000e+00    4.715482e-02
1.955500e+00    3.594001e-02
1.956000e+00    2.620393e-02
1.956500e+00    2.139963e-02
1.957000e+00    2.226613e-02
1.957500e+00    2.663992e-02
1.958000e+00    3.080842e-02
1.958500e+00    3.157274e-02
1.959000e+00    2.788509e-02
1.959500e+00    2.123412e-02
1.960000e+00    1.466596e-02
1.960500e+00    1.105040e-02
1.961000e+00    1.155690e-02
1.961500e+00    1.513116e-02
1.962000e+00    1.918627e-02
1.962500e+00    2.106833e-02
1.963000e+00    1.947350e-02
1.963500e+00    1.506636e-02
1.964000e+00    1.001493e-02
1.964500e+00    6.748034e-03
1.965000e+00    6.637840e-03
1.965500e+00    9.314048e-03
1.966000e+00    1.294467e-02
1.966500e+00    1.528668e-02
1.967000e+00    1.490830e-02
1.967500e+00    1.192095e-02
1.968000e+00    7.850505e-03
1.968500e+00    4.754663e-03
1.969000e+00    4.091909e-03
1.969500e+00    5.959506e-03
1.970000e+00    9.094673e-03
1.970500e+00    1.160781e-02
1.971000e+00    1.202493e-02
1.971500e+00    1.006670e-02
1.972000e+00    6.754718e-03
1.972500e+00    3.812520e-03
1.973000e+00    2.709363e-03
1.973500e+00    3.874809e-03
1.974000e+00    6.501573e-03
1.974500e+00    9.022980e-03
1.975000e+00    9.984848e-03
1.975500e+00    8.828236e-03
1.976000e+00    6.163261e-03
1.976500e+00    3.402204e-03
1.977000e+00    1.970081e-03
1.977500e+00    2.532333e-03
1.978000e+00    4.656654e-03
1.978500e+00    7.079038e-03
1.979000e+00    8.412479e-03
1.979500e+00    7.902148e-03
1.980000e+00    5.816931e-03
1.980500e+00    3.275465e-03
1.981000e+00    1.616331e-03
1.981500e+00    1.665881e-03
1.982000e+00    3.303127e-03
1.982500e+00    5.549735e-03
1.983000e+00    7.122806e-03
1.983500e+00    7.138950e-03
1.984000e+00    5.584040e-03
1.984500e+00    3.299612e-03
1.985000e+00    1.505081e-03
1.985500e+00    1.126194e-03
1.986000e+00    2.298797e-03
1.986500e+00    4.313197e-03
1.987000e+00    6.019144e-03
1.987500e+00    6.461016e-03
1.988000e+00    5.393021e-03
1.988500e+00    3.397233e-03
1.989000e+00    1.549025e-03
1.989500e+00    8.215290e-04
1.990000e+00    1.558364e-03
1.990500e+00    3.299802e-03
1.991000e+00    5.049479e-03
1.991500e+00    5.827552e-03
1.992000e+00    5.203635e-03
1.992500e+00    3.520093e-03
1.993000e+00    1.690392e-03
1.993500e+00    6.905872e-04
1.994000e+00    1.026607e-03
1.994500e+00    2.467667e-03
1.995000e+00    4.185828e-03
1.995500e+00    5.218087e-03
1.996000e+00    4.993442e-03
1.996500e+00    3.636805e-03
1.997000e+00    1.888354e-03
1.997500e+00    6.891924e-04
1.998000e+00    6.649124e-04
1.998500e+00    1.790143e-03
1.999000e+00    3.413641e-03
1.999500e+00    4.624003e-03
2.000000e+00    4.750926e-03
2.000500e+00    3.726592e-03
2.001000e+00    2.112604e-03
2.001500e+00    7.833640e-04
2.002000e+00    4.441134e-04
2.002500e+00    1.249031e-03
2.003000e+00    2.725951e-03
2.003500e+00    4.043830e-03
2.004000e+00    4.471715e-03
2.004500e+00    3.775939e-03
2.005000e+00    2.339933e-03
2.005500e+00    9.455791e-04
2.006000e+00    3.405280e-04
2.006500e+00    8.307133e-04
2.007000e+00    2.119950e-03
2.007500e+00    3.480448e-03
2.008000e+00    4.156339e-03
2.008500e+00    3.776663e-03
2.009000e+00    2.552334e-03
2.009500e+00    1.152719e-03
2.010000e+00    3.337260e-04
2.010500e+00    5.238788e-04
2.011000e+00    1.594873e-03
2.011500e+00    2.939284e-03
2.012000e+00    3.808791e-03
2.012500e+00    3.724740e-03
2.013000e+00    2.735931e-03
2.013500e+00    1.384948e-03
2.014000e+00    4.052800e-04
2.014500e+00    3.181735e-04
2.015000e+00    1.150646e-03
2.015500e+00    2.427088e-03
2.016000e+00    3.435508e-03
2.016500e+00    3.619513e-03
2.017000e+00    2.880341e-03
2.017500e+00    1.625111e-03
2.018000e+00    5.380989e-04
2.018500e+00    2.034106e-04
2.019000e+00    7.870031e-04
2.019500e+00    1.951045e-03
2.020000e+00    3.044596e-03
2.020500e+00    3.463101e-03
2.021000e+00    2.978271e-03
2.021500e+00    1.858445e-03
2.022000e+00    7.161188e-04
2.022500e+00    1.691463e-04
2.023000e+00    5.029156e-04
2.023500e+00    1.518120e-03
2.024000e+00    2.645204e-03
2.024500e+00    3.259919e-03
2.025000e+00    3.025236e-03
2.025500e+00    2.072446e-03
2.026000e+00    9.242137e-04
2.026500e+00    2.044953e-04
2.027000e+00    2.962363e-04
2.027500e+00    1.134547e-03
2.028000e+00    2.246981e-03
2.028500e+00    3.016242e-03
2.029000e+00    3.019324e-03
2.029500e+00    2.256834e-03
2.030000e+00    1.148243e-03
2.030500e+00    2.981159e-04
2.031000e+00    1.635087e-04
2.031500e+00    8.054578e-04
2.032000e+00    1.859603e-03
2.032500e+00    2.739793e-03
2.033000e+00    2.960972e-03
2.033500e+00    2.403540e-03
2.034000e+00    1.375176e-03
2.034500e+00    4.383091e-04
2.035000e+00    9.990095e-05
2.035500e+00    5.345965e-04
2.036000e+00    1.492358e-03
2.036500e+00    2.439345e-03
2.037000e+00    2.852732e-03
2.037500e+00    2.506707e-03
2.038000e+00    1.593256e-03
2.038500e+00    6.131992e-04
2.039000e+00    9.924299e-05
2.039500e+00    3.241386e-04
2.040000e+00    1.153785e-03
2.040500e+00    2.124325e-03
2.041000e+00    2.699015e-03
2.041500e+00    2.562661e-03
2.042000e+00    1.792171e-03
2.042500e+00    8.109655e-04
2.043000e+00    1.541444e-04
2.043500e+00    1.745852e-04
2.044000e+00    8.513592e-04
2.044500e+00    1.804431e-03
2.045000e+00    2.505805e-03
2.045500e+00    2.569852e-03
2.046000e+00    1.963219e-03
2.046500e+00    1.020103e-03
2.047000e+00    2.561789e-04
2.047500e+00    8.473661e-05
2.048000e+00    5.912442e-04
2.048500e+00    1.489264e-03
2.049000e+00    2.280358e-03
2.049500e+00    2.528749e-03
2.050000e+00    2.099440e-03
2.050500e+00    1.229695e-03
2.051000e+00    3.961188e-04
2.051500e+00    5.173776e-05
2.052000e+00    3.780962e-04
2.052500e+00    1.187984e-03
2.053000e+00    2.030868e-03
2.053500e+00    2.441695e-03
2.054000e+00    2.195708e-03
2.054500e+00    1.429677e-03
2.055000e+00    5.642070e-04
2.055500e+00    7.118699e-05
2.056000e+00    2.149348e-04
2.056500e+00    9.089933e-04
2.057000e+00    1.766132e-03
2.057500e+00    2.312715e-03
2.058000e+00    2.248785e-03
2.058500e+00    1.611087e-03
2.059000e+00    7.504518e-04
2.059500e+00    1.373027e-04
2.060000e+00    1.030756e-04
2.060500e+00    6.596621e-04
2.061000e+00    1.495206e-03
2.061500e+00    2.147280e-03
2.062000e+00    2.257309e-03
2.062500e+00    1.766274e-03
2.063000e+00    9.449311e-04
2.063500e+00    2.431384e-04
2.064000e+00    4.212638e-05
2.064500e+00    4.460992e-04
2.065000e+00    1.227063e-03
2.065500e+00    1.952045e-03
2.066000e+00    2.221741e-03
2.066500e+00    1.889080e-03
2.067000e+00    1.138095e-03
2.067500e+00    3.808364e-04
2.068000e+00    3.004512e-05
2.068500e+00    2.729732e-04
2.069000e+00    9.702778e-04
2.069500e+00    1.734549e-03
2.070000e+00    2.144254e-03
2.070500e+00    1.974961e-03
2.071000e+00    1.321052e-03
2.071500e+00    5.419105e-04
2.072000e+00    6.325485e-05
2.072500e+00    1.433916e-04
2.073000e+00    7.327250e-04
2.073500e+00    1.502906e-03
2.074000e+00    2.028566e-03
2.074500e+00    2.021065e-03
2.075000e+00    1.485832e-03
2.075500e+00    7.175459e-04
2.076000e+00    1.368108e-04
2.076500e+00    5.883772e-05
2.077000e+00    5.213206e-04
2.077500e+00    1.265484e-03
2.078000e+00    1.879743e-03
2.078500e+00    2.026244e-03
2.079000e+00    1.625615e-03
2.079500e+00    8.989050e-04
2.080000e+00    2.446119e-04
2.080500e+00    1.916790e-05
2.081000e+00    3.418016e-04
2.081500e+00    1.030585e-03
2.082000e+00    1.703947e-03
2.082500e+00    1.991023e-03
2.083000e+00    1.734909e-03
2.083500e+00    1.077428e-03
2.084000e+00    3.796490e-04
2.084500e+00    2.266618e-05
2.085000e+00    1.985547e-04
2.085500e+00    8.061470e-04
2.086000e+00    1.508170e-03
2.086500e+00    1.917501e-03
2.087000e+00    1.809692e-03
2.087500e+00    1.245119e-03
2.088000e+00    5.342786e-04
2.088500e+00    6.615427e-05
2.089000e+00    9.449982e-05
2.089500e+00    5.994548e-04
2.090000e+00    1.299940e-03
2.090500e+00    1.809210e-03
2.091000e+00    1.847490e-03
2.091500e+00    1.394801e-03
2.092000e+00    7.005139e-04
2.092500e+00    1.451511e-04
2.093000e+00    3.102871e-05
2.093500e+00    4.168965e-04
2.094000e+00    1.087018e-03
2.094500e+00    1.670929e-03
2.095000e+00    1.847402e-03
2.095500e+00    1.520346e-03
2.096000e+00    8.703197e-04
2.096500e+00    2.540753e-04
2.097000e+00    8.001095e-06
2.097500e+00    2.637519e-04
2.098000e+00    8.771014e-04
2.098500e+00    1.508452e-03
2.099000e+00    1.810074e-03
2.099500e+00    1.616849e-03
2.100000e+00    1.035903e-03
2.100500e+00    3.864821e-04
2.101000e+00    2.379678e-05
2.101500e+00    1.440304e-04
2.102000e+00    6.775325e-04
2.102500e+00    1.328338e-03
2.103000e+00    1.737611e-03
2.103500e+00    1.680767e-03
2.104000e+00    1.189988e-03
2.104500e+00    5.353264e-04
2.105000e+00    7.542041e-05
2.105500e+00    6.035999e-05
2.106000e+00    4.950351e-04
2.106500e+00    1.137632e-03
2.107000e+00    1.633449e-03
2.107500e+00    1.709995e-03
2.108000e+00    1.326063e-03
2.108500e+00    6.932397e-04
2.109000e+00    1.586541e-04
2.109500e+00    1.392963e-05
2.110000e+00    3.354768e-04
2.110500e+00    9.435810e-04
2.111000e+00    1.502172e-03
2.111500e+00    1.703899e-03
2.112000e+00    1.438596e-03
2.112500e+00    8.528135e-04
2.113000e+00    2.682514e-04
2.113500e+00    4.486975e-06
2.114000e+00    2.036722e-04
2.114500e+00    7.533524e-04
2.115000e+00    1.349302e-03
2.115500e+00    1.663281e-03
2.116000e+00    1.523208e-03
2.116500e+00    1.006876e-03
2.117000e+00    3.981640e-04
2.117500e+00    3.038979e-05
2.118000e+00    1.032300e-04
2.118500e+00    5.737587e-04
2.119000e+00    1.181056e-03
2.119500e+00    1.590305e-03
2.120000e+00    1.576799e-03
2.120500e+00    1.148753e-03
2.121000e+00    5.417930e-04
2.121500e+00    8.870793e-05
2.122000e+00    3.644946e-05
2.122500e+00    4.110068e-04
2.123000e+00    1.004083e-03
2.123500e+00    1.488368e-03
2.124000e+00    1.597624e-03
2.124500e+00    1.272504e-03
2.125000e+00    6.922546e-04
2.125500e+00    1.753711e-04
2.126000e+00    4.269333e-06
2.126500e+00    2.704759e-04
2.127000e+00    8.251935e-04
2.127500e+00    1.361930e-03
2.128000e+00    1.585316e-03
2.128500e+00    1.373127e-03
2.129000e+00    8.426493e-04
2.129500e+00    2.853562e-04
2.130000e+00    6.268856e-06
2.130500e+00    1.565322e-04
2.131000e+00    6.510925e-04
2.131500e+00    1.216309e-03
2.132000e+00    1.540859e-03
2.132500e+00    1.446718e-03
2.133000e+00    9.863257e-04
2.133500e+00    4.129054e-04
2.134000e+00    4.072084e-05
2.134500e+00    7.238743e-05
2.135000e+00    4.881191e-04
2.135500e+00    1.057447e-03
2.136000e+00    1.466506e-03
2.136500e+00    1.490590e-03
2.137000e+00    1.117128e-03
2.137500e+00    5.517678e-04
2.138000e+00    1.046930e-04
2.138500e+00    2.000443e-05
2.139000e+00    3.420103e-04
2.139500e+00    8.916630e-04
2.140000e+00    1.365656e-03
2.140500e+00    1.503344e-03
2.141000e+00    1.229620e-03
2.141500e+00    6.954536e-04
2.142000e+00    1.941930e-04
2.142500e+00    5.322046e-08
2.143000e+00    2.176917e-04
2.143500e+00    7.253920e-04
2.144000e+00    1.242691e-03
2.144500e+00    1.484879e-03
2.145000e+00    1.319275e-03
2.145500e+00    8.374912e-04
2.146000e+00    3.043507e-04
2.146500e+00    1.191768e-05
2.147000e+00    1.191053e-04
2.147500e+00    5.649315e-04
2.148000e+00    1.102770e-03
2.148500e+00    1.436370e-03
2.149000e+00    1.382624e-03
2.149500e+00    9.716784e-04
2.150000e+00    4.296299e-04
2.150500e+00    5.375168e-05
2.151000e+00    4.907966e-05
2.151500e+00    4.161954e-04
2.152000e+00    9.516144e-04
2.152500e+00    1.360177e-03
2.153000e+00    1.417370e-03
2.153500e+00    1.092317e-03
2.154000e+00    5.640611e-04
2.154500e+00    1.225814e-04
2.155000e+00    9.245494e-06
2.155500e+00    2.844906e-04
2.156000e+00    7.952593e-04
2.156500e+00    1.259730e-03
2.157000e+00    1.422439e-03
2.157500e+00    1.194421e-03
2.158000e+00    7.014859e-04
2.158500e+00    2.144494e-04
2.159000e+00    0.000000e+00
2.159500e+00    1.743214e-04
2.160000e+00    6.398116e-04
2.160500e+00    1.139359e-03
2.161000e+00    1.397996e-03
2.161500e+00    1.273899e-03
2.162000e+00    8.358029e-04
2.162500e+00    3.245933e-04
2.163000e+00    2.052007e-05
2.163500e+00    8.923026e-05
2.164000e+00    4.912041e-04
2.164500e+00    1.004104e-03
2.165000e+00    1.345407e-03
2.165500e+00    1.327688e-03
2.166000e+00    9.612068e-04
2.166500e+00    4.476521e-04
2.167000e+00    6.882278e-05
2.167500e+00    3.167939e-05
2.168000e+00    3.549638e-04
2.168500e+00    8.594958e-04
2.169000e+00    1.267152e-03
2.169500e+00    1.353852e-03
2.170000e+00    1.072410e-03
2.170500e+00    5.778922e-04
2.171000e+00    1.418700e-04
2.171500e+00    2.976770e-06
2.172000e+00    2.360010e-04
2.172500e+00    7.113253e-04
2.173000e+00    1.166704e-03
2.173500e+00    1.351632e-03
2.174000e+00    1.164841e-03
2.174500e+00    7.094422e-04
2.175000e+00    2.357122e-04
2.175500e+00    3.249683e-06
2.176000e+00    1.384271e-04
2.176500e+00    5.654047e-04
2.177000e+00    1.048365e-03
2.177500e+00    1.321449e-03
2.178000e+00    1.234807e-03
2.178500e+00    8.365293e-04
2.179000e+00    3.456652e-04
2.179500e+00    3.146490e-05
2.180000e+00    6.540727e-05
2.180500e+00    4.273358e-04
2.181000e+00    9.170769e-04
2.181500e+00    1.264859e-03
2.182000e+00    1.279624e-03
2.182500e+00    9.537064e-04
2.183000e+00    4.665125e-04
2.183500e+00    8.549435e-05
2.184000e+00    1.905420e-05
2.184500e+00    3.022892e-04
2.185000e+00    7.782080e-04
2.185500e+00    1.184466e-03
2.186000e+00    1.297701e-03
2.186500e+00    1.056062e-03
2.187000e+00    5.927243e-04
2.187500e+00    1.622228e-04
2.188000e+00    3.647332e-07
2.188500e+00    1.948060e-04
2.189000e+00    6.373288e-04
2.189500e+00    1.083797e-03
2.190000e+00    1.288576e-03
2.190500e+00    1.139406e-03
2.191000e+00    7.186848e-04
2.191500e+00    2.576925e-04
2.192000e+00    9.202548e-06
2.192500e+00    1.086282e-04
2.193000e+00    4.999842e-04
2.193500e+00    9.671389e-04
2.194000e+00    1.252917e-03
2.194500e+00    1.200421e-03
2.195000e+00    8.389188e-04
2.195500e+00    3.672787e-04
2.196000e+00    4.432599e-05
2.196500e+00    4.656383e-05
2.197000e+00    3.714701e-04
2.197500e+00    8.393499e-04
2.198000e+00    1.192468e-03
2.198500e+00    1.236778e-03
2.199000e+00    9.483087e-04
2.199500e+00    4.858879e-04
2.200000e+00    1.034594e-04
2.200500e+00    1.039174e-05
2.201000e+00    2.566249e-04
2.201500e+00    7.056534e-04
2.202000e+00    1.109959e-03
2.202500e+00    1.247212e-03
2.203000e+00    1.042292e-03
2.203500e+00    6.081723e-04
2.204000e+00    1.834042e-04
2.204500e+00    8.096050e-07
2.205000e+00    1.596428e-04
2.205500e+00    5.714194e-04
2.206000e+00    1.008973e-03
2.206500e+00    1.231547e-03
2.207000e+00    1.117037e-03
2.207500e+00    7.287490e-04
2.208000e+00    2.801852e-04
2.208500e+00    1.742567e-05
2.209000e+00    8.391625e-05
2.209500e+00    4.419443e-04
2.210000e+00    8.937893e-04
2.210500e+00    1.190690e-03
2.211000e+00    1.169577e-03
2.211500e+00    8.424182e-04
2.212000e+00    3.892250e-04
2.212500e+00    5.879439e-05
2.213000e+00    3.191316e-05
2.213500e+00    3.222381e-04
2.214000e+00    7.691929e-04
2.214500e+00    1.126565e-03
2.215000e+00    1.197922e-03
2.215500e+00    9.443694e-04
2.216000e+00    5.055400e-04
2.216500e+00    1.224937e-04
2.217000e+00    5.093413e-06
2.217500e+00    2.168257e-04
2.218000e+00    6.402747e-04
2.218500e+00    1.042024e-03
2.219000e+00    1.201117e-03
2.219500e+00    1.030369e-03
2.220000e+00    6.239487e-04
2.220500e+00    2.052399e-04
2.221000e+00    3.867195e-06
2.221500e+00    1.295725e-04
2.222000e+00    5.122173e-04
2.222500e+00    9.407107e-04
2.223000e+00    1.179259e-03
2.223500e+00    1.096921e-03
2.224000e+00    7.392852e-04
2.224500e+00    3.030360e-04
2.225000e+00    2.759629e-05
2.225500e+00    6.353789e-05
2.226000e+00    3.900834e-04
2.226500e+00    8.268975e-04
2.227000e+00    1.133483e-03
2.227500e+00    1.141397e-03
2.228000e+00    8.466084e-04
2.228500e+00    4.113454e-04
2.229000e+00    7.463753e-05
2.229500e+00    2.086481e-05
2.230000e+00    2.786114e-04
2.230500e+00    7.053042e-04
2.231000e+00    1.065889e-03
2.231500e+00    1.162127e-03
2.232000e+00    9.413984e-04
2.232500e+00    5.252854e-04
2.233000e+00    1.424260e-04
2.233500e+00    2.707343e-06
2.234000e+00    1.820279e-04
2.234500e+00    5.808960e-04
2.235000e+00    9.794457e-04
2.235500e+00    1.158451e-03
2.236000e+00    1.019734e-03
2.236500e+00    6.398311e-04
2.237000e+00    2.275945e-04
2.237500e+00    9.199569e-06
2.238000e+00    1.038838e-04
2.238500e+00    4.586775e-04
2.239000e+00    8.778543e-04
2.239500e+00    1.130730e-03
2.240000e+00    1.078440e-03
2.240500e+00    7.500221e-04
2.241000e+00    3.261229e-04
2.241500e+00    3.946618e-05
2.242000e+00    4.691965e-05
2.242500e+00    3.434877e-04
2.243000e+00    7.653840e-04
2.243500e+00    1.080315e-03
2.244000e+00    1.115210e-03
2.244500e+00    8.511639e-04
2.245000e+00    4.335126e-04
2.245500e+00    9.167374e-05
2.246000e+00    1.296645e-05
2.246500e+00    2.398051e-04
2.247000e+00    6.466900e-04
2.247500e+00    1.009475e-03
2.248000e+00    1.128680e-03
2.248500e+00    9.390147e-04
2.249000e+00    5.449770e-04
2.249500e+00    1.631200e-04
2.250000e+00    2.884578e-06
2.250500e+00    1.515694e-04
2.251000e+00    5.266167e-04
2.251500e+00    9.212903e-04
2.252000e+00    1.118474e-03
2.252500e+00    1.009952e-03
2.253000e+00    6.556413e-04
2.253500e+00    2.503573e-04
2.254000e+00    1.654290e-05
2.254500e+00    8.202887e-05
2.255000e+00    4.099968e-04
2.255500e+00    8.195163e-04
2.256000e+00    1.085204e-03
2.256500e+00    1.061111e-03
2.257000e+00    7.607434e-04
2.257500e+00    3.493443e-04
2.258000e+00    5.283854e-05
2.258500e+00    3.361709e-05
2.259000e+00    3.014529e-04
2.259500e+00    7.084165e-04
2.260000e+00    1.030429e-03
2.260500e+00    1.090491e-03
2.261000e+00    8.558263e-04
2.261500e+00    4.556200e-04
2.262000e+00    1.097559e-04
2.262500e+00    7.864791e-06
2.263000e+00    2.052116e-04
2.263500e+00    5.925823e-04
2.264000e+00    9.565767e-04
2.264500e+00    1.097024e-03
2.265000e+00    9.369166e-04
2.265500e+00    5.644921e-04
2.266000e+00    1.844619e-04
2.266500e+00    5.349708e-06
2.267000e+00    1.249352e-04
2.267500e+00    4.767392e-04
2.268000e+00    8.668351e-04
2.268500e+00    1.080607e-03
2.269000e+00    1.000681e-03
2.269500e+00    6.712325e-04
2.270000e+00    2.734337e-04
2.270500e+00    2.568591e-05
2.271000e+00    6.357916e-05
2.271500e+00    3.655511e-04
2.272000e+00    7.650070e-04
2.272500e+00    1.042090e-03
2.273000e+00    1.044552e-03
2.273500e+00    7.712722e-04
2.274000e+00    3.726119e-04
2.274500e+00    6.755257e-05
2.275000e+00    2.328006e-05
2.275500e+00    2.634295e-04
2.276000e+00    6.553474e-04
2.276500e+00    9.832320e-04
2.277000e+00    1.066827e-03
2.277500e+00    8.603858e-04
2.278000e+00    4.775749e-04
2.278500e+00    1.287605e-04
2.279000e+00    5.278737e-06
2.279500e+00    1.743552e-04
2.280000e+00    5.423819e-04
2.280500e+00    9.066116e-04
2.281000e+00    1.066722e-03
2.281500e+00    9.348612e-04
2.282000e+00    5.837252e-04
2.282500e+00    2.063534e-04
2.283000e+00    9.880637e-06
2.283500e+00    1.017200e-04
2.284000e+00    4.307174e-04
2.284500e+00    8.155143e-04
2.285000e+00    1.044395e-03
2.285500e+00    9.916452e-04
2.286000e+00    6.864802e-04
2.286500e+00    2.967392e-04
2.287000e+00    3.645511e-05
2.287500e+00    4.819483e-05
2.288000e+00    3.248506e-04
2.288500e+00    7.137861e-04
2.289000e+00    1.000925e-03
2.289500e+00    1.028461e-03
2.290000e+00    7.814610e-04
2.290500e+00    3.958456e-04
2.291000e+00    8.347299e-05
2.291500e+00    1.562823e-05
2.292000e+00    2.289846e-04
2.292500e+00    6.056682e-04
2.293000e+00    9.382601e-04
2.293500e+00    1.043891e-03
2.294000e+00    8.646699e-04
2.294500e+00    4.992939e-04
2.295000e+00    1.485805e-04
2.295500e+00    4.980460e-06
2.296000e+00    1.468588e-04
2.296500e+00    4.956178e-04
2.297000e+00    8.591209e-04
2.297500e+00    1.037427e-03
2.298000e+00    9.326502e-04
2.298500e+00    6.025831e-04
2.299000e+00    2.287063e-04
2.299500e+00    1.629436e-05
2.300000e+00    8.160045e-05
2.300500e+00    3.881211e-04
2.301000e+00    7.668829e-04
2.301500e+00    1.009477e-03
2.302000e+00    9.826228e-04
2.302500e+00    7.012765e-04
2.303000e+00    3.201962e-04
2.303500e+00    4.870437e-05
2.304000e+00    3.560258e-05
2.304500e+00    2.875078e-04
2.305000e+00    6.654279e-04
2.305500e+00    9.613419e-04
2.306000e+00    1.012592e-03
2.306500e+00    7.911844e-04
2.307000e+00    4.189711e-04
2.307500e+00    1.004826e-04
2.308000e+00    1.043360e-05
2.308500e+00    1.977740e-04
2.309000e+00    5.589781e-04
2.309500e+00    8.951454e-04
2.310000e+00    1.021420e-03
2.310500e+00    8.685339e-04
2.311000e+00    5.206999e-04
2.311500e+00    1.691202e-04
2.312000e+00    6.781844e-06
2.312500e+00    1.224210e-04
2.313000e+00    4.519175e-04
2.313500e+00    8.137422e-04
2.314000e+00    1.008862e-03
2.314500e+00    9.301199e-04
2.315000e+00    6.209812e-04
2.315500e+00    2.514392e-04
2.316000e+00    2.443679e-05
2.316500e+00    6.431584e-05
2.317000e+00    3.486089e-04
2.317500e+00    7.205891e-04
2.318000e+00    9.755690e-04
2.318500e+00    9.734316e-04
2.319000e+00    7.155261e-04
2.319500e+00    3.437315e-04
2.320000e+00    6.230756e-05
2.320500e+00    2.557965e-05
2.321000e+00    2.532138e-04
2.321500e+00    6.195960e-04
2.322000e+00    9.230493e-04
2.322500e+00    9.967482e-04
2.323000e+00    8.003341e-04
2.323500e+00    4.419178e-04
2.324000e+00    1.184774e-04
2.324500e+00    7.507724e-06
2.325000e+00    1.695219e-04
2.325500e+00    5.149594e-04
2.326000e+00    8.535969e-04
2.326500e+00    9.992022e-04
2.327000e+00    8.718556e-04
2.327500e+00    5.417203e-04
2.328000e+00    1.902916e-04
2.328500e+00    1.052458e-05
2.329000e+00    1.007983e-04
2.329500e+00    4.109850e-04
2.330000e+00    7.701889e-04
2.330500e+00    9.808057e-04
2.331000e+00    9.271340e-04
2.331500e+00    6.388417e-04
2.332000e+00    2.744751e-04
2.332500e+00    3.417528e-05
2.333000e+00    4.965353e-05
2.333500e+00    3.119086e-04
2.334000e+00    6.763546e-04
2.334500e+00    9.424413e-04
2.335000e+00    9.639223e-04
2.335500e+00    7.291434e-04
2.336000e+00    3.672742e-04
2.336500e+00    7.715313e-05
2.337000e+00    1.794191e-05
2.337500e+00    2.217212e-04
2.338000e+00    5.760240e-04
2.338500e+00    8.858164e-04
2.339000e+00    9.807684e-04
2.339500e+00    8.088152e-04
2.340000e+00    4.646173e-04
2.340500e+00    1.373622e-04
2.341000e+00    6.692199e-06
2.341500e+00    1.440057e-04
2.342000e+00    4.733602e-04
2.342500e+00    8.133841e-04
2.343000e+00    9.770680e-04
2.343500e+00    8.745304e-04
2.344000e+00    5.622859e-04
2.344500e+00    2.120121e-04
2.345000e+00    1.607284e-05
2.345500e+00    8.179225e-05
2.346000e+00    3.725849e-04
2.346500e+00    7.282344e-04
2.347000e+00    9.530812e-04
2.347500e+00    9.235784e-04
2.348000e+00    6.560921e-04
2.348500e+00    2.977399e-04
2.349000e+00    4.539319e-05
2.349500e+00    3.743793e-05
2.350000e+00    2.778024e-04
2.350500e+00    6.339597e-04
2.351000e+00    9.099132e-04
2.351500e+00    9.539718e-04
2.352000e+00    7.420508e-04
2.352500e+00    3.907555e-04
2.353000e+00    9.314021e-05
2.353500e+00    1.253493e-05
2.354000e+00    1.928305e-04
2.354500e+00    5.345009e-04
2.355000e+00    8.494607e-04
2.355500e+00    9.645219e-04
2.356000e+00    8.165443e-04
2.356500e+00    4.870027e-04
2.357000e+00    1.570488e-04
2.357500e+00    7.851570e-06
2.358000e+00    1.210442e-04
2.358500e+00    4.339805e-04
2.359000e+00    7.743255e-04
2.359500e+00    9.548807e-04
2.360000e+00    8.764684e-04
2.360500e+00    5.823300e-04
2.361000e+00    2.342026e-04
2.361500e+00    2.330774e-05
2.362000e+00    6.523942e-05
2.362500e+00    3.365295e-04
2.363000e+00    6.877005e-04
2.363500e+00    9.255478e-04
2.364000e+00    9.193569e-04
2.364500e+00    6.726638e-04
2.365000e+00    3.211612e-04
2.365500e+00    5.798572e-05
2.366000e+00    2.752228e-05
2.366500e+00    2.461158e-04
2.367000e+00    5.932313e-04
2.367500e+00    8.778418e-04
2.368000e+00    9.434787e-04
2.368500e+00    7.541773e-04
2.369000e+00    4.141072e-04
2.369500e+00    1.101756e-04
2.370000e+00    9.227161e-06
2.370500e+00    1.663805e-04
2.371000e+00    4.948608e-04
2.371500e+00    8.138388e-04
2.372000e+00    9.479030e-04
2.372500e+00    8.234470e-04
2.373000e+00    5.090085e-04
2.373500e+00    1.774531e-04
2.374000e+00    1.086789e-05
2.374500e+00    1.004891e-04
2.375000e+00    3.966623e-04
2.375500e+00    7.362792e-04
2.376000e+00    9.325312e-04
2.376500e+00    8.775920e-04
2.377000e+00    6.017878e-04
2.377500e+00    2.567865e-04
2.378000e+00    3.212317e-05
2.378500e+00    5.100387e-05
2.379000e+00    3.026695e-04
2.379500e+00    6.484482e-04
2.380000e+00    8.980943e-04
2.380500e+00    9.143890e-04
2.381000e+00    6.884923e-04
2.381500e+00    3.446676e-04
2.382000e+00    7.185684e-05
2.382500e+00    1.978220e-05
2.383000e+00    2.167083e-04
2.383500e+00    5.540345e-04
2.384000e+00    8.461154e-04
2.384500e+00    9.323599e-04
2.385000e+00    7.654574e-04
2.385500e+00    4.372617e-04
2.386000e+00    1.281717e-04
2.386500e+00    7.904707e-06
2.387000e+00    1.422397e-04
2.387500e+00    4.569734e-04
2.388000e+00    7.788397e-04
2.388500e+00    9.308266e-04
2.389000e+00    8.294570e-04
2.389500e+00    5.305697e-04
2.390000e+00    1.984945e-04
2.390500e+00    1.563654e-05
2.391000e+00    8.221775e-05
2.391500e+00    3.612810e-04
2.392000e+00    6.991357e-04
2.392500e+00    9.099335e-04
2.393000e+00    8.778340e-04
2.393500e+00    6.205963e-04
2.394000e+00    2.796885e-04
2.394500e+00    4.242258e-05
2.395000e+00    3.897121e-05
2.395500e+00    2.708862e-04
2.396000e+00    6.103703e-04
2.396500e+00    8.706348e-04
2.397000e+00    9.086070e-04
2.397500e+00    7.035158e-04
2.398000e+00    3.681883e-04
2.398500e+00    8.691688e-05
2.399000e+00    1.411072e-05
2.399500e+00    1.894673e-04
2.400000e+00    5.162652e-04
2.400500e+00    8.146485e-04
2.401000e+00    9.205475e-04
2.401500e+00    7.758308e-04
2.402000e+00    4.601518e-04
2.402500e+00    1.470446e-04
2.403000e+00    8.467216e-06
2.403500e+00    1.203009e-04
2.404000e+00    4.207383e-04
2.404500e+00    7.443791e-04
2.405000e+00    9.132254e-04
2.405500e+00    8.345151e-04
2.406000e+00    5.516223e-04
2.406500e+00    2.200940e-04
2.407000e+00    2.206296e-05
2.407500e+00    6.612813e-05
2.408000e+00    3.277396e-04
2.408500e+00    6.628124e-04
2.409000e+00    8.870211e-04
2.409500e+00    8.771367e-04
2.410000e+00    6.386942e-04
2.410500e+00    3.028340e-04
2.411000e+00    5.411646e-05
2.411500e+00    2.904392e-05
2.412000e+00    2.410857e-04
2.412500e+00    5.733864e-04
2.413000e+00    8.431039e-04
2.413500e+00    9.019547e-04
2.414000e+00    7.176758e-04
2.414500e+00    3.916526e-04
2.415000e+00    1.030807e-04
2.415500e+00    1.041436e-05
2.416000e+00    1.643017e-04
2.416500e+00    4.798448e-04
2.417000e+00    7.833775e-04
2.417500e+00    9.079873e-04
2.418000e+00    7.852416e-04
2.418500e+00    4.827106e-04
2.419000e+00    1.667132e-04
2.419500e+00    1.082468e-05
2.420000e+00    1.004759e-04
2.420500e+00    3.860786e-04
2.421000e+00    7.103952e-04
2.421500e+00    8.950473e-04
2.422000e+00    8.385685e-04
2.422500e+00    5.721027e-04
2.423000e+00    2.421741e-04
2.423500e+00    3.006014e-05
2.424000e+00    5.213413e-05
2.424500e+00    2.959628e-04
2.425000e+00    6.272492e-04
2.425500e+00    8.637443e-04
2.426000e+00    8.754503e-04
2.426500e+00    6.560217e-04
2.427000e+00    3.261489e-04
2.427500e+00    6.712041e-05
2.428000e+00    2.113761e-05
2.428500e+00    2.131941e-04
2.429000e+00    5.374376e-04
2.429500e+00    8.154545e-04
2.430000e+00    8.943859e-04
2.430500e+00    7.309164e-04
2.431000e+00    4.149899e-04
2.431500e+00    1.202664e-04
2.432000e+00    8.609968e-06
2.432500e+00    1.411384e-04
2.433000e+00    4.447158e-04
2.433500e+00    7.522575e-04
2.434000e+00    8.946367e-04
2.434500e+00    7.936382e-04
2.435000e+00    5.048711e-04
2.435500e+00    1.870979e-04
2.436000e+00    1.489485e-05
2.436500e+00    8.269170e-05
2.437000e+00    3.529375e-04
2.437500e+00    6.768450e-04
2.438000e+00    8.762534e-04
2.438500e+00    8.415701e-04
2.439000e+00    5.919483e-04
2.439500e+00    2.646577e-04
2.440000e+00    3.954658e-05
2.440500e+00    4.016233e-05
2.441000e+00    2.658937e-04
2.441500e+00    5.924047e-04
2.442000e+00    8.400679e-04
2.442500e+00    8.727329e-04
2.443000e+00    6.725208e-04
2.443500e+00    3.495591e-04
2.444000e+00    8.135364e-05
2.444500e+00    1.517808e-05
2.445000e+00    1.871538e-04
2.445500e+00    5.024836e-04
2.446000e+00    7.876546e-04
2.446500e+00    8.858635e-04
2.447000e+00    7.431847e-04
2.447500e+00    4.381296e-04
2.448000e+00    1.383941e-04
2.448500e+00    8.622260e-06
2.449000e+00    1.199184e-04
2.449500e+00    4.108379e-04
2.450000e+00    7.212593e-04
2.450500e+00    8.804638e-04
2.451000e+00    8.009733e-04
2.451500e+00    5.265668e-04
2.452000e+00    2.081201e-04
2.452500e+00    2.060126e-05
2.453000e+00    6.688713e-05
2.453500e+00    3.212742e-04
2.454000e+00    6.437016e-04
2.454500e+00    8.568166e-04
2.455000e+00    8.434786e-04
2.455500e+00    6.110973e-04
2.456000e+00    2.874682e-04
2.456500e+00    5.044466e-05
2.457000e+00    3.014914e-05
2.457500e+00    2.374900e-04
2.458000e+00    5.582534e-04
2.458500e+00    8.159694e-04
2.459000e+00    8.689491e-04
2.459500e+00    6.881352e-04
2.460000e+00    3.729905e-04
2.460500e+00    9.673776e-05
2.461000e+00    1.109886e-05
2.461500e+00    1.629200e-04
2.462000e+00    4.684995e-04
2.462500e+00    7.596857e-04
2.463000e+00    8.763588e-04
2.463500e+00    7.544306e-04
2.464000e+00    4.610011e-04
2.464500e+00    1.573850e-04
2.465000e+00    1.038177e-05
2.465500e+00    1.005937e-04
2.466000e+00    3.781856e-04
2.466500e+00    6.903678e-04
2.467000e+00    8.654460e-04
2.467500e+00    8.072035e-04
2.468000e+00    5.477315e-04
2.468500e+00    2.297016e-04
2.469000e+00    2.787152e-05
2.469500e+00    5.301048e-05
2.470000e+00    2.910610e-04
2.470500e+00    6.109520e-04
2.471000e+00    8.367205e-04
2.471500e+00    8.442579e-04
2.472000e+00    6.294889e-04
2.472500e+00    3.105287e-04
2.473000e+00    6.267944e-05
2.473500e+00    2.203847e-05
2.474000e+00    2.107213e-04
2.474500e+00    5.247833e-04
2.475000e+00    7.914374e-04
2.475500e+00    8.640706e-04
2.476000e+00    7.028105e-04
2.476500e+00    3.963689e-04
2.477000e+00    1.131958e-04
2.477500e+00    8.839274e-06
2.478000e+00    1.404585e-04
2.478500e+00    4.354728e-04
2.479000e+00    7.315410e-04
2.479500e+00    8.658507e-04
2.480000e+00    7.646068e-04
2.480500e+00    4.835338e-04
2.481000e+00    1.771612e-04
2.481500e+00    1.382322e-05
2.482000e+00    8.312527e-05
2.482500e+00    3.467450e-04
2.483000e+00    6.595794e-04
2.483500e+00    8.495695e-04
2.484000e+00    8.122896e-04
2.484500e+00    5.682996e-04
2.485000e+00    2.517643e-04
2.485500e+00    3.663604e-05
2.486000e+00    4.101724e-05
2.486500e+00    2.622815e-04
2.487000e+00    5.785949e-04
2.487500e+00    8.159578e-04
2.488000e+00    8.438772e-04
2.488500e+00    6.470637e-04
2.489000e+00    3.337625e-04
2.489500e+00    7.617760e-05
2.490000e+00    1.577991e-05
2.490500e+00    1.855668e-04
2.491000e+00    4.919938e-04
2.491500e+00    7.664707e-04
2.492000e+00    8.580748e-04
2.492500e+00    7.164943e-04
2.493000e+00    4.196199e-04
2.493500e+00    1.306517e-04
2.494000e+00    8.342823e-06
2.494500e+00    1.197432e-04
2.495000e+00    4.034021e-04
2.495500e+00    7.032239e-04
2.496000e+00    8.543252e-04
2.496500e+00    7.736693e-04
2.497000e+00    5.056573e-04
2.497500e+00    1.976447e-04
2.498000e+00    1.888418e-05
2.498500e+00    6.748096e-05
2.499000e+00    3.165122e-04
2.499500e+00    6.289010e-04
2.500000e+00    8.328285e-04
