-5.310741137936801914e-01 -1.517864653636813880e-06
-5.309209799456695578e-01 -3.364598796586768772e-21
-5.309209799456695578e-01 -5.305179185246843449e-24
5.753613529278167960e+01 9.658471886234071096e-27
5.753613529278167960e+01 8.286379560961664159e-30
5.853591293732867484e+01 1.263055174662627511e+00
6.207427979554893938e+01 6.476276892439468268e-31
6.207427979554893938e+01 1.058831341998720754e-27
6.302012723490520330e+01 1.852993420407952907e-30
6.509055590079913145e+01 1.137814038713166359e-29
6.509055590079913145e+01 2.984048936378622336e-29
6.512425705212808680e+01 4.168377177117206327e-30
6.524183475628667850e+01 7.007902368466196180e-30
6.524183475628667850e+01 2.950775897733141192e-29
6.545526331004533915e+01 6.752718489360900759e-26
6.545526331004533915e+01 2.089264579931448793e-24
6.545621378200854679e+01 1.407620744807993544e-03
6.629500409991071308e+01 1.985140994337509918e-30
6.629500409991071308e+01 4.361920600485378002e-32
6.640940050416703855e+01 1.068530376526762408e-29
6.694804789435801240e+01 2.756500163068889390e-03
6.750940830146912219e+01 3.688069999839026919e-30
6.750940830146912219e+01 1.236029759813584325e-30
7.003604911840433545e+01 1.468859050614691791e-29
7.003604911840433545e+01 5.460437650300460171e-29
7.410494029558613249e+01 7.795740619915799982e-28
7.410494029558613249e+01 1.299336494109820787e-30
7.439050411595090395e+01 7.096970542061042941e-02
7.480185661035714872e+01 4.895189915593906814e-30
7.480185661035714872e+01 7.944208637459992764e-30
7.501009713652534572e+01 6.760956832156500919e-29
7.543734191491245156e+01 3.018468497340969225e-01
7.592690555898863636e+01 3.598680606010295701e-31
7.636999347969911867e+01 6.606972953088069145e-29
7.636999347969911867e+01 1.696912171396653753e-28
7.692627541346978148e+01 2.787288695670325529e-30
8.700746636794727351e+01 3.045305744743449772e-30
8.700746636794727351e+01 2.416008225505293948e-29
8.761452935685970544e+01 1.784295638775500459e-01
8.907258779728459785e+01 1.817137984693701200e-28
8.907258779728459785e+01 5.406803565806968282e-29
9.181977166276831781e+01 1.278887324603558200e-29
9.181977166276831781e+01 1.472982199421254529e-29
9.193125147301266509e+01 4.844383171025630247e-04
9.338178077164485558e+01 2.485816805155188062e-29
9.338178077164485558e+01 4.879930218429517729e-29
9.365011895512606088e+01 5.573773196421538505e-03
9.444775978919851411e+01 1.076370447826182007e-28
9.444775978919851411e+01 2.125012255249160186e-28
9.462619408704321700e+01 1.264639462609980572e-02
9.480415795806750623e+01 6.380905642402540660e-28
9.480415795806750623e+01 3.996977756874701506e-28
9.499316012956288091e+01 6.444452990545824006e-29
9.511345090780562828e+01 8.111739241178061706e-06
9.545371092435614457e+01 1.060383753114705763e-29
9.545371092435614457e+01 2.153895637568750254e-29
9.617024549912659381e+01 1.573385631733559017e-29
9.617024549912659381e+01 5.068649058931890088e-31
9.637692896751104854e+01 4.745250249751904099e-30
9.888991435696719634e+01 1.823040864658001178e-02
1.039234872027273013e+02 2.010830861522146595e-31
1.039234872027273013e+02 5.871407111479979282e-30
1.041238317103700268e+02 5.505598209424587910e-29
1.046139324614635626e+02 2.601980075388944791e-30
1.046139324614635626e+02 1.621603202018295992e-30
1.048516074769180335e+02 6.599763626186794241e-02
1.053994490837077223e+02 2.733463389370260638e-04
1.059054991806567330e+02 3.186256404817240323e-31
1.059054991806567330e+02 4.283658105329649280e-29
1.064418163425499273e+02 5.928754415918652778e-30
1.064418163425499273e+02 5.006324942366391887e-29
1.081620245444308779e+02 1.784264344435138842e-29
1.081620245444308779e+02 1.222787412803585619e-28
1.090468645370737022e+02 1.656384889292802573e-02
1.103268521295724298e+02 2.536310550129872976e-30
1.103268521295724298e+02 7.441685045590278741e-29
1.121379699585293110e+02 3.046737071020777702e-29
1.121379699585293110e+02 4.066549712255189304e-29
1.124834255453009746e+02 5.107391697590324612e-29
1.128140611080234805e+02 5.029141936137539578e-29
1.128491834401886393e+02 2.725188352884691523e-02
1.130434505159600178e+02 1.674271230312501189e-28
1.130434505159600178e+02 1.102940505963764313e-29
1.132170656034023040e+02 4.047713396711724761e-03
1.200052871708338387e+02 3.604248281408201122e-31
1.207033344695360029e+02 3.247378540914622570e-29
1.207033344695360029e+02 8.888859282232621721e-30
1.215194181394462589e+02 7.706037367686882184e-29
1.215627962816437844e+02 1.385191291592048277e-02
1.216976631080795528e+02 3.392581948488027719e-29
1.216976631080795528e+02 9.613862711303675118e-30
1.231456356571432593e+02 4.033687704740901804e-31
1.231456356571432593e+02 5.887151664411140005e-30
1.232892031802026622e+02 4.723789929531485852e-30
1.232892031802026622e+02 3.242073036370670344e-29
1.268611721835222426e+02 2.983033965677447875e-30
1.268611721835222426e+02 3.330326593669774461e-31
1.274364041882204930e+02 2.174479764283776331e-05
1.276120596097864706e+02 2.912846683336626550e-29
1.284179526389041825e+02 1.946970761386828400e-29
1.284179526389041825e+02 6.328096269378604755e-30
1.286921381837560432e+02 6.702970219308843590e-03
1.312753497490402026e+02 8.694285464783100919e-29
1.312753497490402026e+02 6.533678437446367752e-29
1.324341840354787792e+02 3.227659654492236792e-03
1.356125557059598918e+02 6.777148745547318866e-31
1.356125557059598918e+02 5.702325836181864872e-30
1.368396650416950138e+02 3.477104136653678956e-02
1.375748619818141947e+02 1.119663705144055034e-02
1.378431793877011273e+02 3.968293674040434370e-29
1.378431793877011273e+02 7.179987821988601437e-29
1.387342466077523682e+02 3.526061002295586963e-29
1.392752210471534227e+02 1.017431368115484066e-30
1.392752210471534227e+02 1.693082971125557203e-31
1.399340085159930993e+02 2.140104385225957095e-29
1.399340085159930993e+02 3.534359985620508991e-30
1.399618040422517993e+02 1.641336076787081663e-30
1.405003677161900555e+02 3.568514735892370784e-30
1.405003677161900555e+02 1.233840624379369254e-28
1.412972890429313111e+02 2.006525953089170017e-30
1.413416118067765979e+02 3.665155705094715063e-29
1.413416118067765979e+02 1.111359544463374230e-30
1.416070337564624708e+02 4.513797360886996027e-30
1.419815749587625078e+02 6.596195546380997313e-04
1.421864609749953274e+02 1.099108032186477009e-29
1.421864609749953274e+02 1.739049658120983299e-28
1.428925334619446517e+02 1.247008144622935063e-29
1.428925334619446517e+02 1.366310260371703170e-28
1.430061961321731303e+02 3.747266582394314307e-29
1.434390199349243744e+02 5.813026573682540207e-30
1.438906208475373489e+02 8.698386407428441346e-29
1.438906208475373489e+02 8.308802326118606817e-30
1.441708161312386949e+02 4.871999648191940348e-03
1.443371695280347637e+02 3.957967387092690276e-02
1.448089095557312760e+02 2.165989684144655236e-29
1.448089095557312760e+02 4.374379740858434962e-29
1.454809981924121303e+02 6.477853416858413413e-32
1.454809981924121303e+02 3.969294477927778035e-29
1.461497787354100808e+02 6.082874897992099350e-03
1.463420660712061760e+02 7.024631893159319752e-30
1.463420660712061760e+02 5.019521450097337719e-29
1.467106835772225111e+02 6.164911185829654530e-31
1.467106835772225111e+02 3.161366298661648277e-32
1.471596207985181763e+02 2.695140848072554660e-29
1.471767909591421528e+02 6.325865861045185203e-29
1.471767909591421528e+02 3.827750685363640708e-29
1.472849344448089539e+02 3.770781804652655663e-03
1.475833769704273379e+02 2.724429322019078592e-31
1.475833769704273379e+02 7.124395462673857403e-31
1.476702191526397883e+02 3.310275016754642597e-04
1.478291057801286286e+02 7.966443984246319701e-30
1.478291057801286286e+02 4.689344461513416309e-32
1.480377207178025003e+02 7.907839877019365489e-08
1.482728731203164614e+02 4.961788112510306904e-29
1.484502736939671763e+02 3.043735857235336728e-32
1.484502736939671763e+02 1.725210651779445227e-28
1.489554143311284520e+02 2.987450309702912544e-29
1.489554143311284520e+02 1.906238353183713902e-28
1.490227150535172029e+02 1.054976091349219209e-03
1.492502271793362638e+02 1.921566938088719104e-29
1.492502271793362638e+02 1.716213838638496872e-29
1.496851062372865329e+02 7.792472471843819987e-30
1.497272895362949612e+02 5.416090007972313738e-28
1.497272895362949612e+02 1.903046845783648866e-30
1.502831707987244840e+02 1.959372865715287718e-28
1.502831707987244840e+02 1.216106003625396895e-29
1.508702224270496401e+02 1.843682869676741345e-03
1.509338130349459846e+02 2.698930267802593237e-29
1.509338130349459846e+02 6.822434375751854020e-32
1.513057454584968298e+02 4.791931175751313913e-06
1.517317992932158859e+02 7.095570302003768827e-30
1.517317992932158859e+02 3.246910763973539684e-29
1.522224992219084925e+02 5.073778941365281875e-03
1.532542654390452697e+02 5.693472053960942254e-03
1.533856663179126087e+02 7.127795254712131431e-29
1.533856663179126087e+02 1.382606527021241426e-28
1.541089060957461072e+02 6.522765370975832332e-04
1.546800528180327206e+02 4.441492740780326701e-31
1.555597258472811859e+02 3.528036280725290482e-30
1.555597258472811859e+02 2.416251481762367924e-28
1.582938758107923150e+02 3.385920967130283786e-28
1.582938758107923150e+02 2.311623057867915516e-29
1.587341216444387442e+02 2.939187013011472765e-03
1.600715588564353595e+02 1.136638546573778656e-02
1.607728672109771253e+02 6.682716045855854553e-30
1.607728672109771253e+02 4.554586681902943955e-29
1.620420853710309075e+02 2.671266256918976637e-02
1.624367030297408121e+02 1.952007958227916261e-29
1.624367030297408121e+02 1.250268046628261101e-28
